2 240000 6.690409
2 480000 26.805969
2 720000 60.374979
2 960000 107.641156
2 1200000 168.571151

4 320000 2.978596
4 640000 11.942402
4 960000 26.827003
4 1280000 47.813476
4 1600000 74.917193

6 400000 2.075969
6 800000 8.271151
6 1200000 18.653293
6 1600000 33.215822
6 2000000 52.047341

8 480000 1.688843
8 960000 6.733292
8 1440000 15.110572
8 1920000 27.061497
8 2400000 42.380514

10 550000 1.443750
10 1100000 5.723964
10 1650000 12.863138
10 2200000 22.917659
10 2750000 36.003281

12 600000 1.191319
12 1200000 4.696621
12 1800000 10.559679
12 2400000 18.855183
12 3000000 29.383931

14 640000 1.013003
14 1280000 3.942368
14 1920000 8.840624
14 2560000 15.755947
14 3200000 24.604660

16 690000 0.942805
16 1380000 3.637073
16 2070000 8.174081
16 2760000 14.555904
16 3450000 22.751238

18 730000 0.875101
18 1460000 3.313974
18 2190000 7.234727
18 2920000 13.189122
18 3650000 20.691343

20 760000 0.774634
20 1520000 2.913592
20 2280000 6.540540
20 3040000 11.641057
20 3800000 18.224693

22 790000 0.664084
22 1580000 2.553352
22 2370000 5.727777
22 3160000 10.181157
22 3950000 15.852324

24 820000 0.635973
24 1640000 2.369123
24 2460000 5.312073
24 3280000 9.428673
24 4100000 14.684986

26 850000 0.647917
26 1700000 2.280884
26 2550000 5.103092
26 3400000 9.026287
26 4250000 14.101973

28 880000 0.590972
28 1760000 2.000731
28 2640000 4.465859
28 3520000 7.863376
28 4400000 12.264902

30 910000 0.616090
30 1820000 1.934295
30 2730000 4.316140
30 3640000 7.629445
30 4550000 11.854993

32 940000 0.627652
32 1880000 1.890083
32 2820000 4.213942
32 3760000 7.453163
32 4700000 11.579104
