2 240000 1.99402
2 480000 1.99735
2 720000 1.99958
2 960000 1.99677
2 1200000 1.99543
4 320000 3.98778
4 640000 3.97511
4 960000 3.98343
4 1280000 3.9852
4 1600000 3.98108
6 400000 6.17238
6 800000 6.19537
6 1200000 6.18963
6 1600000 6.19395
6 2000000 6.18794
8 480000 7.90482
8 960000 7.9223
8 1440000 7.94496
8 1920000 7.90392
8 2400000 7.90105
10 550000 9.6971
10 1100000 9.80091
10 1650000 9.80576
10 2200000 9.79785
10 2750000 9.75761
12 600000 11.6568
12 1200000 11.8181
12 1800000 11.4921
12 2400000 11.7902
12 3000000 11.8439
14 640000 13.3699
14 1280000 13.6573
14 1920000 13.1355
14 2560000 13.7594
14 3200000 13.7756
16 690000 14.6175
16 1380000 15.1454
16 2070000 15.1676
16 2760000 15.1401
16 3450000 15.1503
18 730000 15.668
18 1460000 16.5374
18 2190000 17.0395
18 2920000 16.6209
18 3650000 16.1933
20 760000 17.2617
20 1520000 18.3476
20 2280000 18.3701
20 3040000 18.3475
20 3800000 18.3286
22 790000 19.7701
22 1580000 20.5733
22 2370000 20.6187
22 3160000 20.6245
22 3950000 20.7008
24 820000 20.4061
24 1640000 21.8681
24 2460000 21.9427
24 3280000 21.9774
24 4100000 22.0576
26 850000 19.8443
26 1700000 22.5366
26 2550000 22.6604
26 3400000 22.7753
26 4250000 22.7869
28 880000 21.6578
28 1760000 25.5648
28 2640000 25.7804
28 3520000 26.0144
28 4400000 26.0642
30 910000 21.5336
30 1820000 27.4108
30 2730000 27.6165
30 3640000 27.7867
30 4550000 27.9405
32 940000 20.3882
32 1880000 26.8703
32 2820000 27.2757
32 3760000 27.1928
32 4700000 27.5531
32 4700000 27.5531
