2 240000 0.997008
2 480000 0.998676
2 720000 0.999788
2 960000 0.998387
2 1200000 0.997717

4 320000 0.996946
4 640000 0.993779
4 960000 0.995857
4 1280000 0.9963
4 1600000 0.995269

6 400000 1.02873
6 800000 1.03256
6 1200000 1.0316
6 1600000 1.03232
6 2000000 1.03132

8 480000 0.988102
8 960000 0.990287
8 1440000 0.993121
8 1920000 0.98799
8 2400000 0.987631

10 550000 0.96971
10 1100000 0.980091
10 1650000 0.980576
10 2200000 0.979785
10 2750000 0.975761

12 600000 0.971399
12 1200000 0.984839
12 1800000 0.957672
12 2400000 0.982516
12 3000000 0.986991

14 640000 0.954994
14 1280000 0.975525
14 1920000 0.938248
14 2560000 0.982811
14 3200000 0.98397

16 690000 0.913593
16 1380000 0.946587
16 2070000 0.947977
16 2760000 0.946254
16 3450000 0.946894

18 730000 0.870443
18 1460000 0.918742
18 2190000 0.946637
18 2920000 0.923384
18 3650000 0.899625

20 760000 0.863085
20 1520000 0.917382
20 2280000 0.918506
20 3040000 0.917376
20 3800000 0.916429

22 790000 0.898639
22 1580000 0.935151
22 2370000 0.937212
22 3160000 0.937475
22 3950000 0.940947

24 820000 0.850254
24 1640000 0.911172
24 2460000 0.91428
24 3280000 0.915725
24 4100000 0.919066

26 850000 0.763241
26 1700000 0.866792
26 2550000 0.871554
26 3400000 0.875972
26 4250000 0.87642

28 880000 0.773491
28 1760000 0.913029
28 2640000 0.920729
28 3520000 0.929084
28 4400000 0.930864

30 910000 0.717786
30 1820000 0.913694
30 2730000 0.92055
30 3640000 0.926224
30 4550000 0.931349

32 940000 0.637132
32 1880000 0.839698
32 2820000 0.852366
32 3760000 0.849775
32 4700000 0.861034
32 4700000 0.861034
