2 240000 13.340779
2 480000 53.540959
2 720000 120.724385
2 960000 214.935031
2 1200000 336.372528
4 320000 11.877993
4 640000 47.472415
4 960000 106.863436
4 1280000 190.546209
4 1600000 298.251136
6 400000 12.813664
6 800000 51.242876
6 1200000 115.456904
6 1600000 205.737117
6 2000000 322.065796
8 480000 13.349994
8 960000 53.343131
8 1440000 120.052958
8 1920000 213.891826
8 2400000 334.850439
10 550000 14.000187
10 1100000 56.100074
10 1650000 126.132832
10 2200000 224.543720
10 2750000 351.305928
12 600000 13.886957
12 1200000 55.504981
12 1800000 121.352477
12 2400000 222.306201
12 3000000 348.020097
14 640000 13.543764
14 1280000 53.842277
14 1920000 116.125731
14 2560000 216.791738
14 3200000 338.943429
16 690000 13.781446
16 1380000 55.084869
16 2070000 123.981423
16 2760000 220.377220
16 3450000 344.688060
18 730000 13.711067
18 1460000 54.804359
18 2190000 123.275869
18 2920000 219.215240
18 3650000 335.060203
20 760000 13.371493
20 1520000 53.457553
20 2280000 120.150557
20 3040000 213.584593
20 3800000 334.032731
22 790000 13.128983
22 1580000 52.530950
22 2370000 118.099156
22 3160000 209.980854
22 3950000 328.156155
24 820000 12.977724
24 1640000 51.808276
24 2460000 116.561339
24 3280000 207.217820
24 4100000 323.915322
26 850000 12.857435
26 1700000 51.403363
26 2550000 115.638114
26 3400000 205.576065
26 4250000 321.340495
28 880000 12.799124
28 1760000 51.148297
28 2640000 115.131660
28 3520000 204.560700
28 4400000 319.674623
30 910000 13.266621
30 1820000 53.020631
30 2730000 119.196635
30 3640000 211.997257
30 4550000 331.234049
32 940000 12.796706
32 1880000 50.787179
32 2820000 114.938303
32 3760000 202.672279
32 4700000 319.039974
