500, 0.056797
501, 0.056763
502, 0.057190
503, 0.057232
504, 0.057633
505, 0.057698
506, 0.058002
507, 0.058127
508, 0.058471
509, 0.058630
510, 0.058932
511, 0.059050
512, 0.059418
513, 0.059500
514, 0.059960
515, 0.059946
516, 0.060366
517, 0.060457
518, 0.060798
519, 0.060963
520, 0.061250
521, 0.061401
522, 0.061753
523, 0.061875
524, 0.062239
525, 0.062337
526, 0.062706
527, 0.062843
528, 0.063229
529, 0.063272
530, 0.063714
531, 0.063746
532, 0.064156
533, 0.064304
534, 0.064728
535, 0.064732
536, 0.065194
537, 0.065248
538, 0.065578
539, 0.065724
540, 0.066101
541, 0.066149
542, 0.066550
543, 0.066699
544, 0.067072
545, 0.067189
546, 0.067557
547, 0.067624
548, 0.068098
549, 0.068183
550, 0.068513
551, 0.068736
552, 0.069059
553, 0.069157
554, 0.069532
555, 0.069638
556, 0.070089
557, 0.070217
558, 0.070606
559, 0.070713
560, 0.071028
561, 0.071181
562, 0.071639
563, 0.071667
564, 0.072124
565, 0.072225
566, 0.072584
567, 0.072705
568, 0.073145
569, 0.073221
570, 0.073663
571, 0.073658
572, 0.074152
573, 0.074249
574, 0.074636
575, 0.074828
576, 0.075130
577, 0.075288
578, 0.075661
579, 0.075769
580, 0.076289
581, 0.076365
582, 0.076758
583, 0.076807
584, 0.077288
585, 0.077367
586, 0.077782
587, 0.077890
588, 0.078365
589, 0.078441
590, 0.078886
591, 0.078984
592, 0.079420
593, 0.079540
594, 0.079931
595, 0.080048
596, 0.080490
597, 0.080553
598, 0.081010
599, 0.081162
600, 0.081534
601, 0.081726
602, 0.082060
603, 0.082250
604, 0.082665
605, 0.082759
606, 0.083235
607, 0.083359
608, 0.083700
609, 0.083886
610, 0.084330
611, 0.084344
612, 0.084852
613, 0.085070
614, 0.085350
615, 0.085491
616, 0.086030
617, 0.086131
618, 0.086486
619, 0.086594
620, 0.087061
621, 0.087177
622, 0.087626
623, 0.087747
624, 0.088201
625, 0.088334
626, 0.088817
627, 0.088883
628, 0.089345
629, 0.089436
630, 0.089950
631, 0.090003
632, 0.090468
633, 0.090556
634, 0.091070
635, 0.091174
636, 0.091657
637, 0.091764
638, 0.092195
639, 0.092413
640, 0.092794
641, 0.092905
642, 0.093332
643, 0.093516
644, 0.093851
645, 0.094060
646, 0.094564
647, 0.094623
648, 0.095075
649, 0.095301
650, 0.095704
651, 0.095868
652, 0.096291
653, 0.096310
654, 0.096863
655, 0.096995
656, 0.097448
657, 0.097633
658, 0.098089
659, 0.098234
660, 0.098646
661, 0.098799
662, 0.099274
663, 0.099407
664, 0.099832
665, 0.099976
666, 0.100451
667, 0.100602
668, 0.100930
669, 0.101162
670, 0.101665
671, 0.101828
672, 0.102189
673, 0.102459
674, 0.102856
675, 0.102979
676, 0.103540
677, 0.103652
678, 0.104160
679, 0.104205
680, 0.104749
681, 0.104853
682, 0.105285
683, 0.105467
684, 0.105845
685, 0.106060
686, 0.106601
687, 0.106705
688, 0.107190
689, 0.107367
690, 0.107743
691, 0.107988
692, 0.108371
693, 0.108631
694, 0.108956
695, 0.109211
696, 0.109726
697, 0.109795
698, 0.110338
699, 0.110488
700, 0.110934
701, 0.111091
702, 0.111606
703, 0.111649
704, 0.112315
705, 0.112331
706, 0.112874
707, 0.112954
708, 0.113582
709, 0.113629
710, 0.114097
711, 0.114222
712, 0.114782
713, 0.114985
714, 0.115382
715, 0.115515
716, 0.116142
717, 0.116213
718, 0.116740
719, 0.116772
720, 0.117382
721, 0.117467
722, 0.117993
723, 0.118222
724, 0.118618
725, 0.118884
726, 0.119272
727, 0.119455
728, 0.120028
729, 0.120125
730, 0.120631
731, 0.120816
732, 0.121339
733, 0.121390
734, 0.121946
735, 0.122184
736, 0.122567
737, 0.122795
738, 0.123261
739, 0.123488
740, 0.124003
741, 0.124133
742, 0.124624
743, 0.124742
744, 0.125307
745, 0.125490
746, 0.125910
747, 0.126155
748, 0.126515
749, 0.126824
750, 0.127326
751, 0.127518
752, 0.128054
753, 0.128172
754, 0.128711
755, 0.128798
756, 0.129310
757, 0.129620
758, 0.130044
759, 0.130254
760, 0.130713
761, 0.130925
762, 0.131478
763, 0.131559
764, 0.132188
765, 0.132243
766, 0.132813
767, 0.133014
768, 0.133526
769, 0.133672
770, 0.134267
771, 0.134369
772, 0.134951
773, 0.135135
774, 0.135555
775, 0.135754
776, 0.136295
777, 0.136543
778, 0.136898
779, 0.137148
780, 0.137748
781, 0.137867
782, 0.138429
783, 0.138515
784, 0.139036
785, 0.139183
786, 0.139811
787, 0.139975
788, 0.140448
789, 0.140713
790, 0.141245
791, 0.141450
792, 0.141995
793, 0.142100
794, 0.142715
795, 0.142894
796, 0.143408
797, 0.143551
798, 0.144088
799, 0.144302
800, 0.144802
801, 0.144998
802, 0.145516
803, 0.145697
804, 0.146338
805, 0.146534
806, 0.147038
807, 0.147158
808, 0.147757
809, 0.147943
810, 0.148495
811, 0.148630
812, 0.149209
813, 0.149397
814, 0.149906
815, 0.150074
816, 0.150646
817, 0.150852
818, 0.151449
819, 0.151622
820, 0.152152
821, 0.152305
822, 0.152859
823, 0.153141
824, 0.153561
825, 0.153886
826, 0.154310
827, 0.154529
828, 0.155135
829, 0.155369
830, 0.155934
831, 0.156165
832, 0.156665
833, 0.156822
834, 0.157327
835, 0.157499
836, 0.158219
837, 0.158434
838, 0.158869
839, 0.158983
840, 0.159714
841, 0.159837
842, 0.160362
843, 0.160572
844, 0.161222
845, 0.161306
846, 0.161922
847, 0.162144
848, 0.162700
849, 0.162893
850, 0.163347
851, 0.163602
852, 0.164216
853, 0.164438
854, 0.165095
855, 0.165220
856, 0.165765
857, 0.166073
858, 0.166598
859, 0.166815
860, 0.167433
861, 0.167530
862, 0.168200
863, 0.168303
864, 0.168875
865, 0.169119
866, 0.169808
867, 0.169752
868, 0.170474
869, 0.170617
870, 0.171299
871, 0.171461
872, 0.172051
873, 0.172238
874, 0.172811
875, 0.173063
876, 0.173618
877, 0.173828
878, 0.174428
879, 0.174539
880, 0.175275
881, 0.175372
882, 0.175945
883, 0.176288
884, 0.176844
885, 0.176966
886, 0.177512
887, 0.177801
888, 0.178342
889, 0.178632
890, 0.179262
891, 0.179458
892, 0.180068
893, 0.180230
894, 0.180801
895, 0.181082
896, 0.181647
897, 0.181831
898, 0.182436
899, 0.182613
900, 0.183293
901, 0.183448
902, 0.184139
903, 0.184210
904, 0.184968
905, 0.185114
906, 0.185602
907, 0.185931
908, 0.186537
909, 0.186705
910, 0.187345
911, 0.187498
912, 0.188152
913, 0.188498
914, 0.189116
915, 0.189236
916, 0.189775
917, 0.189959
918, 0.190683
919, 0.190872
920, 0.191532
921, 0.191640
922, 0.192340
923, 0.192519
924, 0.193195
925, 0.193319
926, 0.193964
927, 0.194259
928, 0.194826
929, 0.195012
930, 0.195693
931, 0.195869
932, 0.196529
933, 0.196629
934, 0.197379
935, 0.197539
936, 0.198231
937, 0.198389
938, 0.199016
939, 0.199217
940, 0.199903
941, 0.200068
942, 0.200709
943, 0.200973
944, 0.201545
945, 0.201893
946, 0.202528
947, 0.202599
948, 0.203300
949, 0.203556
950, 0.204127
951, 0.204307
952, 0.204963
953, 0.205337
954, 0.205917
955, 0.206042
956, 0.206577
957, 0.206885
958, 0.207471
959, 0.207798
960, 0.208495
961, 0.208654
962, 0.209337
963, 0.209559
964, 0.210233
965, 0.210373
966, 0.211087
967, 0.211298
968, 0.211957
969, 0.212173
970, 0.212912
971, 0.213037
972, 0.213735
973, 0.214001
974, 0.214628
975, 0.214818
976, 0.215498
977, 0.215605
978, 0.216491
979, 0.216669
980, 0.217219
981, 0.217463
982, 0.218079
983, 0.218272
984, 0.219029
985, 0.219198
986, 0.219843
987, 0.220156
988, 0.220724
989, 0.220868
990, 0.221688
991, 0.221993
992, 0.222549
993, 0.222809
994, 0.223494
995, 0.223598
996, 0.224338
997, 0.224622
998, 0.225126
999, 0.225492
1000, 0.226174
1001, 0.226407
1002, 0.226893
1003, 0.227249
1004, 0.228032
1005, 0.228179
1006, 0.228757
1007, 0.229103
1008, 0.229825
1009, 0.230090
1010, 0.230800
1011, 0.230984
1012, 0.231503
1013, 0.231853
1014, 0.232532
1015, 0.232644
1016, 0.233552
1017, 0.233695
1018, 0.234264
1019, 0.234535
1020, 0.235328
1021, 0.235486
1022, 0.236200
1023, 0.236491
1024, 0.237149
1025, 0.237424
1026, 0.238145
1027, 0.238295
1028, 0.239018
1029, 0.239201
1030, 0.239947
1031, 0.240208
1032, 0.240850
1033, 0.241079
1034, 0.241836
1035, 0.242041
1036, 0.242663
1037, 0.242937
1038, 0.243754
1039, 0.243836
1040, 0.244640
1041, 0.244767
1042, 0.245600
1043, 0.245818
1044, 0.246469
1045, 0.246737
1046, 0.247451
1047, 0.247666
1048, 0.248365
1049, 0.248608
1050, 0.249386
1051, 0.249546
1052, 0.250265
1053, 0.250532
1054, 0.251260
1055, 0.251600
1056, 0.252167
1057, 0.252387
1058, 0.253187
1059, 0.253372
1060, 0.254226
1061, 0.254220
1062, 0.255137
1063, 0.255208
1064, 0.256045
1065, 0.256114
1066, 0.257131
1067, 0.257174
1068, 0.258001
1069, 0.258139
1070, 0.258962
1071, 0.259172
1072, 0.259872
1073, 0.260071
1074, 0.261027
1075, 0.261066
1076, 0.261828
1077, 0.262123
1078, 0.262766
1079, 0.263078
1080, 0.263764
1081, 0.264094
1082, 0.264852
1083, 0.264969
1084, 0.265824
1085, 0.266061
1086, 0.266734
1087, 0.266958
1088, 0.267623
1089, 0.267956
1090, 0.268657
1091, 0.268859
1092, 0.269725
1093, 0.269914
1094, 0.270716
1095, 0.270824
1096, 0.271750
1097, 0.271866
1098, 0.272653
1099, 0.272883
1100, 0.273594
1101, 0.273793
1102, 0.274613
1103, 0.274797
1104, 0.275723
1105, 0.275845
1106, 0.276589
1107, 0.276797
1108, 0.277578
1109, 0.277870
1110, 0.278518
1111, 0.278855
1112, 0.279750
1113, 0.279902
1114, 0.280648
1115, 0.280782
1116, 0.281764
1117, 0.281816
1118, 0.282700
1119, 0.282864
1120, 0.283616
1121, 0.283886
1122, 0.284519
1123, 0.284856
1124, 0.285744
1125, 0.285865
1126, 0.286784
1127, 0.286911
1128, 0.287670
1129, 0.287992
1130, 0.288728
1131, 0.288964
1132, 0.289852
1133, 0.289994
1134, 0.290756
1135, 0.291053
1136, 0.291792
1137, 0.292022
1138, 0.292702
1139, 0.293113
1140, 0.293909
1141, 0.294228
1142, 0.294843
1143, 0.295183
1144, 0.295939
1145, 0.296130
1146, 0.297011
1147, 0.297219
1148, 0.298041
1149, 0.298130
1150, 0.299128
1151, 0.299273
1152, 0.300048
1153, 0.300380
1154, 0.301097
1155, 0.301348
1156, 0.302187
1157, 0.302384
1158, 0.303223
1159, 0.303570
1160, 0.304330
1161, 0.304537
1162, 0.305357
1163, 0.305530
1164, 0.306326
1165, 0.306551
1166, 0.307296
1167, 0.307696
1168, 0.308517
1169, 0.308696
1170, 0.309527
1171, 0.309725
1172, 0.310524
1173, 0.310826
1174, 0.311688
1175, 0.311906
1176, 0.312752
1177, 0.312994
1178, 0.313751
1179, 0.313962
1180, 0.314878
1181, 0.315039
1182, 0.315864
1183, 0.316144
1184, 0.316960
1185, 0.317178
1186, 0.318192
1187, 0.318303
1188, 0.319095
1189, 0.319384
1190, 0.320204
1191, 0.320399
1192, 0.321274
1193, 0.321539
1194, 0.322372
1195, 0.322653
1196, 0.323470
1197, 0.323704
1198, 0.324595
1199, 0.324710
1200, 0.325662
1201, 0.325795
1202, 0.326762
1203, 0.326958
1204, 0.327682
1205, 0.328060
1206, 0.328853
1207, 0.328980
1208, 0.329966
1209, 0.330194
1210, 0.331101
1211, 0.331365
1212, 0.332105
1213, 0.332377
1214, 0.333162
1215, 0.333427
1216, 0.334309
1217, 0.334567
1218, 0.335458
1219, 0.335732
1220, 0.336608
1221, 0.336695
1222, 0.337671
1223, 0.337857
1224, 0.338753
1225, 0.338958
1226, 0.339902
1227, 0.340063
1228, 0.340916
1229, 0.341240
1230, 0.342084
1231, 0.342398
1232, 0.343167
1233, 0.343443
1234, 0.344304
1235, 0.344526
1236, 0.345423
1237, 0.345768
1238, 0.346481
1239, 0.346781
1240, 0.347658
1241, 0.347915
1242, 0.348762
1243, 0.349029
1244, 0.349978
1245, 0.350171
1246, 0.351040
1247, 0.351278
1248, 0.352238
1249, 0.352333
1250, 0.353329
1251, 0.353524
1252, 0.354453
1253, 0.354653
1254, 0.355518
1255, 0.355655
1256, 0.356776
1257, 0.356872
1258, 0.357794
1259, 0.357936
1260, 0.358931
1261, 0.359230
1262, 0.360112
1263, 0.360358
1264, 0.361094
1265, 0.361500
1266, 0.362344
1267, 0.362629
1268, 0.363577
1269, 0.363748
1270, 0.364574
1271, 0.364988
1272, 0.365963
1273, 0.365985
1274, 0.366907
1275, 0.367208
1276, 0.368028
1277, 0.368454
1278, 0.369359
1279, 0.369412
1280, 0.370346
1281, 0.370816
1282, 0.371640
1283, 0.371821
1284, 0.372858
1285, 0.373010
1286, 0.373859
1287, 0.374104
1288, 0.374830
1289, 0.375166
1290, 0.376202
1291, 0.376457
1292, 0.377397
1293, 0.377756
1294, 0.378563
1295, 0.378825
1296, 0.379691
1297, 0.379836
1298, 0.380962
1299, 0.381195
1300, 0.382086
1301, 0.382429
1302, 0.383329
1303, 0.383495
1304, 0.384380
1305, 0.384628
1306, 0.385473
1307, 0.385832
1308, 0.386836
1309, 0.386926
1310, 0.387999
1311, 0.388237
1312, 0.389046
1313, 0.389445
1314, 0.390302
1315, 0.390593
1316, 0.391564
1317, 0.391817
1318, 0.392677
1319, 0.392990
1320, 0.393899
1321, 0.394236
1322, 0.395034
1323, 0.395297
1324, 0.396343
1325, 0.396465
1326, 0.397495
1327, 0.397770
1328, 0.398701
1329, 0.398900
1330, 0.399900
1331, 0.400051
1332, 0.401025
1333, 0.401326
1334, 0.402241
1335, 0.402587
1336, 0.403383
1337, 0.403779
1338, 0.404666
1339, 0.404867
1340, 0.406081
1341, 0.406199
1342, 0.407099
1343, 0.407467
1344, 0.408276
1345, 0.408624
1346, 0.409599
1347, 0.409739
1348, 0.410752
1349, 0.410985
1350, 0.412098
1351, 0.412232
1352, 0.413286
1353, 0.413555
1354, 0.414443
1355, 0.414771
1356, 0.415682
1357, 0.415840
1358, 0.416958
1359, 0.417185
1360, 0.418289
1361, 0.418267
1362, 0.419216
1363, 0.419700
1364, 0.420528
1365, 0.420792
1366, 0.421707
1367, 0.421901
1368, 0.422853
1369, 0.423440
1370, 0.423926
1371, 0.424587
1372, 0.425544
1373, 0.425673
1374, 0.426708
1375, 0.427108
1376, 0.428039
1377, 0.428338
1378, 0.429358
1379, 0.429582
1380, 0.430462
1381, 0.430782
1382, 0.431557
1383, 0.432146
1384, 0.433059
1385, 0.433270
1386, 0.434284
1387, 0.434515
1388, 0.435159
1389, 0.435779
1390, 0.436878
1391, 0.436852
1392, 0.438062
1393, 0.438308
1394, 0.439276
1395, 0.439528
1396, 0.440472
1397, 0.440847
1398, 0.441869
1399, 0.442034
1400, 0.442929
1401, 0.443352
1402, 0.444386
1403, 0.444666
1404, 0.445589
1405, 0.445799
1406, 0.446693
1407, 0.447276
1408, 0.448094
1409, 0.448330
1410, 0.449414
1411, 0.449727
1412, 0.450785
1413, 0.451051
1414, 0.451837
1415, 0.452324
1416, 0.453291
1417, 0.453539
1418, 0.454431
1419, 0.454786
1420, 0.455696
1421, 0.456102
1422, 0.456884
1423, 0.457354
1424, 0.458432
1425, 0.458556
1426, 0.459691
1427, 0.459847
1428, 0.460843
1429, 0.461292
1430, 0.462219
1431, 0.462449
1432, 0.463617
1433, 0.463667
1434, 0.464824
1435, 0.465074
1436, 0.466039
1437, 0.466349
1438, 0.467244
1439, 0.467727
1440, 0.468742
1441, 0.469064
1442, 0.469936
1443, 0.470293
1444, 0.471283
1445, 0.471623
1446, 0.472778
1447, 0.472889
1448, 0.473898
1449, 0.474266
1450, 0.475042
1451, 0.475552
1452, 0.476492
1453, 0.476816
1454, 0.477848
1455, 0.478160
1456, 0.479150
1457, 0.479345
1458, 0.480252
1459, 0.480821
1460, 0.481806
1461, 0.482136
1462, 0.483229
1463, 0.483282
1464, 0.484473
1465, 0.484811
1466, 0.485694
1467, 0.486071
1468, 0.487100
1469, 0.487344
1470, 0.488168
1471, 0.488615
1472, 0.489698
1473, 0.490167
1474, 0.490916
1475, 0.491437
1476, 0.492294
1477, 0.492746
1478, 0.493724
1479, 0.493986
1480, 0.495118
1481, 0.495292
1482, 0.496486
1483, 0.496610
1484, 0.497729
1485, 0.498069
1486, 0.499138
1487, 0.499466
1488, 0.500448
1489, 0.500700
1490, 0.501693
1491, 0.502176
1492, 0.503131
1493, 0.503465
1494, 0.504441
1495, 0.504780
1496, 0.505688
1497, 0.506029
1498, 0.507330
1499, 0.507382
1500, 0.508427
