6,500, 0.035282
6,501, 0.035376
6,502, 0.035406
6,503, 0.035640
6,504, 0.046945
6,505, 0.035936
6,506, 0.036114
6,507, 0.036092
6,508, 0.036363
6,509, 0.036342
6,510, 0.036599
6,511, 0.036828
6,512, 0.036807
6,513, 0.037113
6,514, 0.037118
6,515, 0.037289
6,516, 0.037577
6,517, 0.037553
6,518, 0.037816
6,519, 0.037863
6,520, 0.038033
6,521, 0.038296
6,522, 0.038265
6,523, 0.038590
6,524, 0.038550
6,525, 0.038787
6,526, 0.039027
6,527, 0.038981
6,528, 0.039323
6,529, 0.039261
6,530, 0.039549
6,531, 0.039738
6,532, 0.039757
6,533, 0.040027
6,534, 0.040061
6,535, 0.040272
6,536, 0.040580
6,537, 0.040500
6,538, 0.040814
6,539, 0.040801
6,540, 0.041035
6,541, 0.041264
6,542, 0.041239
6,543, 0.041566
6,544, 0.041526
6,545, 0.041830
6,546, 0.042028
6,547, 0.042017
6,548, 0.042349
6,549, 0.042330
6,550, 0.042577
6,551, 0.042865
6,552, 0.042805
6,553, 0.043106
6,554, 0.043085
6,555, 0.043337
6,556, 0.043642
6,557, 0.043599
6,558, 0.043923
6,559, 0.043877
6,560, 0.044092
6,561, 0.044391
6,562, 0.044339
6,563, 0.044690
6,564, 0.044634
6,565, 0.044942
6,566, 0.045138
6,567, 0.045180
6,568, 0.045489
6,569, 0.045418
6,570, 0.045747
6,571, 0.045903
6,572, 0.046101
6,573, 0.046324
6,574, 0.046220
6,575, 0.046492
6,576, 0.046696
6,577, 0.046703
6,578, 0.047031
6,579, 0.047001
6,580, 0.047316
6,581, 0.047551
6,582, 0.047536
6,583, 0.047822
6,584, 0.047848
6,585, 0.048089
6,586, 0.048369
6,587, 0.048336
6,588, 0.048673
6,589, 0.048645
6,590, 0.048954
6,591, 0.049155
6,592, 0.049191
6,593, 0.049569
6,594, 0.049528
6,595, 0.049759
6,596, 0.050050
6,597, 0.050010
6,598, 0.050321
6,599, 0.050331
6,600, 0.050569
6,601, 0.050890
6,602, 0.050824
6,603, 0.051206
6,604, 0.051184
6,605, 0.051442
6,606, 0.051744
6,607, 0.051700
6,608, 0.052022
6,609, 0.052037
6,610, 0.052276
6,611, 0.052550
6,612, 0.052549
6,613, 0.052959
6,614, 0.052880
6,615, 0.053175
6,616, 0.053456
6,617, 0.053477
6,618, 0.053797
6,619, 0.053770
6,620, 0.053977
6,621, 0.054305
6,622, 0.054268
6,623, 0.054624
6,624, 0.054638
6,625, 0.054861
6,626, 0.055184
6,627, 0.055172
6,628, 0.055518
6,629, 0.055487
6,630, 0.055838
6,631, 0.056080
6,632, 0.056068
6,633, 0.056379
6,634, 0.056424
6,635, 0.056673
6,636, 0.056967
6,637, 0.056952
6,638, 0.057323
6,639, 0.057283
6,640, 0.057573
6,641, 0.057869
6,642, 0.057832
6,643, 0.058180
6,644, 0.058232
6,645, 0.058441
6,646, 0.058745
6,647, 0.058723
6,648, 0.059123
6,649, 0.059157
6,650, 0.059397
6,651, 0.059714
6,652, 0.059683
6,653, 0.059994
6,654, 0.060014
6,655, 0.060276
6,656, 0.060628
6,657, 0.060582
6,658, 0.060999
6,659, 0.060978
6,660, 0.061210
6,661, 0.061541
6,662, 0.061502
6,663, 0.061952
6,664, 0.061846
6,665, 0.062203
6,666, 0.062472
6,667, 0.062494
6,668, 0.062776
6,669, 0.062803
6,670, 0.063125
6,671, 0.063407
6,672, 0.063360
6,673, 0.063774
6,674, 0.063707
6,675, 0.064020
6,676, 0.064337
6,677, 0.064331
6,678, 0.064695
6,679, 0.064655
6,680, 0.064978
6,681, 0.065306
6,682, 0.065251
6,683, 0.065653
6,684, 0.065566
6,685, 0.065932
6,686, 0.066254
6,687, 0.066217
6,688, 0.066606
6,689, 0.066624
6,690, 0.066849
6,691, 0.067221
6,692, 0.067149
6,693, 0.067586
6,694, 0.067544
6,695, 0.067880
6,696, 0.068208
6,697, 0.068151
6,698, 0.068552
6,699, 0.068529
6,700, 0.068822
6,701, 0.069203
6,702, 0.069187
6,703, 0.069528
6,704, 0.069563
6,705, 0.069821
6,706, 0.070174
6,707, 0.070121
6,708, 0.070572
6,709, 0.070547
6,710, 0.070876
6,711, 0.071177
6,712, 0.071159
6,713, 0.071574
6,714, 0.071526
6,715, 0.071864
6,716, 0.072216
6,717, 0.072179
6,718, 0.072657
6,719, 0.072484
6,720, 0.072872
6,721, 0.073208
6,722, 0.073155
6,723, 0.073623
6,724, 0.073528
6,725, 0.073989
6,726, 0.074196
6,727, 0.074193
6,728, 0.074669
6,729, 0.074620
6,730, 0.074862
6,731, 0.075266
6,732, 0.075225
6,733, 0.075641
6,734, 0.075592
6,735, 0.075927
6,736, 0.076216
6,737, 0.076271
6,738, 0.076644
6,739, 0.076664
6,740, 0.077021
6,741, 0.077369
6,742, 0.077304
6,743, 0.077688
6,744, 0.077654
6,745, 0.078016
6,746, 0.078285
6,747, 0.078334
6,748, 0.078718
6,749, 0.078747
6,750, 0.079059
6,751, 0.079394
6,752, 0.079408
6,753, 0.079785
6,754, 0.079816
6,755, 0.080101
6,756, 0.080454
6,757, 0.080502
6,758, 0.080867
6,759, 0.080882
6,760, 0.081189
6,761, 0.081498
6,762, 0.081501
6,763, 0.081984
6,764, 0.081954
6,765, 0.082234
6,766, 0.082607
6,767, 0.082604
6,768, 0.083014
6,769, 0.082996
6,770, 0.083322
6,771, 0.083665
6,772, 0.083685
6,773, 0.084158
6,774, 0.084053
6,775, 0.084457
6,776, 0.084794
6,777, 0.084836
6,778, 0.085260
6,779, 0.085228
6,780, 0.085535
6,781, 0.085924
6,782, 0.085829
6,783, 0.086238
6,784, 0.086262
6,785, 0.086599
6,786, 0.086965
6,787, 0.087013
6,788, 0.087425
6,789, 0.087447
6,790, 0.087759
6,791, 0.088079
6,792, 0.088012
6,793, 0.088510
6,794, 0.088508
6,795, 0.088839
6,796, 0.089163
6,797, 0.089174
6,798, 0.089605
6,799, 0.089669
6,800, 0.089990
6,801, 0.090326
6,802, 0.090303
6,803, 0.090803
6,804, 0.090755
6,805, 0.091191
6,806, 0.091519
6,807, 0.091444
6,808, 0.091886
6,809, 0.091894
6,810, 0.092323
6,811, 0.092655
6,812, 0.092607
6,813, 0.093069
6,814, 0.093006
6,815, 0.093370
6,816, 0.093764
6,817, 0.093748
6,818, 0.094155
6,819, 0.094165
6,820, 0.094464
6,821, 0.094863
6,822, 0.094850
6,823, 0.095362
6,824, 0.095277
6,825, 0.095728
6,826, 0.095966
6,827, 0.096024
6,828, 0.096493
6,829, 0.096512
6,830, 0.096903
6,831, 0.097259
6,832, 0.097148
6,833, 0.097673
6,834, 0.097660
6,835, 0.097911
6,836, 0.098433
6,837, 0.098376
6,838, 0.098818
6,839, 0.098743
6,840, 0.099249
6,841, 0.099509
6,842, 0.099504
6,843, 0.100013
6,844, 0.099937
6,845, 0.100342
6,846, 0.100704
6,847, 0.100746
6,848, 0.101163
6,849, 0.101171
6,850, 0.101526
6,851, 0.101966
6,852, 0.101971
6,853, 0.102394
6,854, 0.102423
6,855, 0.102806
6,856, 0.103166
6,857, 0.103175
6,858, 0.103572
6,859, 0.103569
6,860, 0.103998
6,861, 0.104443
6,862, 0.104418
6,863, 0.104878
6,864, 0.104739
6,865, 0.105156
6,866, 0.105626
6,867, 0.105471
6,868, 0.105955
6,869, 0.106052
6,870, 0.106452
6,871, 0.106857
6,872, 0.106831
6,873, 0.107215
6,874, 0.107168
6,875, 0.107630
6,876, 0.108006
6,877, 0.107991
6,878, 0.108477
6,879, 0.108415
6,880, 0.108857
6,881, 0.109264
6,882, 0.109108
6,883, 0.109763
6,884, 0.109662
6,885, 0.110084
6,886, 0.110467
6,887, 0.110501
6,888, 0.110993
6,889, 0.110932
6,890, 0.111358
6,891, 0.111741
6,892, 0.111720
6,893, 0.112241
6,894, 0.112156
6,895, 0.112592
6,896, 0.112949
6,897, 0.112978
6,898, 0.113408
6,899, 0.113410
6,900, 0.113838
6,901, 0.114215
6,902, 0.114178
6,903, 0.114688
6,904, 0.114748
6,905, 0.115125
6,906, 0.115492
6,907, 0.115488
6,908, 0.116007
6,909, 0.115941
6,910, 0.116422
6,911, 0.116753
6,912, 0.116774
6,913, 0.117337
6,914, 0.117288
6,915, 0.117656
6,916, 0.118005
6,917, 0.118001
6,918, 0.118570
6,919, 0.118487
6,920, 0.118981
6,921, 0.119303
6,922, 0.119305
6,923, 0.119897
6,924, 0.119855
6,925, 0.120326
6,926, 0.120674
6,927, 0.120715
6,928, 0.121209
6,929, 0.121228
6,930, 0.121615
6,931, 0.122038
6,932, 0.122002
6,933, 0.122454
6,934, 0.122478
6,935, 0.122845
6,936, 0.123289
6,937, 0.123281
6,938, 0.123757
6,939, 0.123772
6,940, 0.124165
6,941, 0.124569
6,942, 0.124587
6,943, 0.125115
6,944, 0.125015
6,945, 0.125544
6,946, 0.125942
6,947, 0.125880
6,948, 0.126487
6,949, 0.126401
6,950, 0.126823
6,951, 0.127261
6,952, 0.127191
6,953, 0.127838
6,954, 0.127747
6,955, 0.128177
6,956, 0.128647
6,957, 0.128585
6,958, 0.129129
6,959, 0.129087
6,960, 0.129580
6,961, 0.130029
6,962, 0.129988
6,963, 0.130506
6,964, 0.130401
6,965, 0.130847
6,966, 0.131337
6,967, 0.131266
6,968, 0.131778
6,969, 0.131806
6,970, 0.132301
6,971, 0.132744
6,972, 0.132726
6,973, 0.133292
6,974, 0.133216
6,975, 0.133574
6,976, 0.134126
6,977, 0.134025
6,978, 0.134634
6,979, 0.134634
6,980, 0.135007
6,981, 0.135449
6,982, 0.135473
6,983, 0.135910
6,984, 0.135913
6,985, 0.136426
6,986, 0.136802
6,987, 0.136854
6,988, 0.137349
6,989, 0.137251
6,990, 0.137793
6,991, 0.138265
6,992, 0.138196
6,993, 0.138778
6,994, 0.138692
6,995, 0.139100
6,996, 0.139665
6,997, 0.139573
6,998, 0.140121
6,999, 0.140193
6,1000, 0.140583
6,1001, 0.141015
6,1002, 0.140963
6,1003, 0.141502
6,1004, 0.141448
6,1005, 0.141916
6,1006, 0.142454
6,1007, 0.142358
6,1008, 0.142908
6,1009, 0.142916
6,1010, 0.143419
6,1011, 0.143886
6,1012, 0.143798
6,1013, 0.144391
6,1014, 0.144407
6,1015, 0.144737
6,1016, 0.145280
6,1017, 0.145217
6,1018, 0.145808
6,1019, 0.145668
6,1020, 0.146246
6,1021, 0.146667
6,1022, 0.146629
6,1023, 0.147244
6,1024, 0.147218
6,1025, 0.147700
6,1026, 0.148090
6,1027, 0.148125
6,1028, 0.148755
6,1029, 0.148708
6,1030, 0.149106
6,1031, 0.149658
6,1032, 0.149623
6,1033, 0.150104
6,1034, 0.150115
6,1035, 0.150540
6,1036, 0.150938
6,1037, 0.150988
6,1038, 0.151568
6,1039, 0.151480
6,1040, 0.152053
6,1041, 0.152450
6,1042, 0.152442
6,1043, 0.153045
6,1044, 0.153047
6,1045, 0.153541
6,1046, 0.154038
6,1047, 0.153990
6,1048, 0.154439
6,1049, 0.154476
6,1050, 0.154946
6,1051, 0.155436
6,1052, 0.155387
6,1053, 0.156101
6,1054, 0.156055
6,1055, 0.156705
6,1056, 0.156950
6,1057, 0.156894
6,1058, 0.157509
6,1059, 0.157448
6,1060, 0.158093
6,1061, 0.158385
6,1062, 0.158469
6,1063, 0.159000
6,1064, 0.159032
6,1065, 0.159402
6,1066, 0.160020
6,1067, 0.160007
6,1068, 0.160627
6,1069, 0.160564
6,1070, 0.160959
6,1071, 0.161448
6,1072, 0.161448
6,1073, 0.162026
6,1074, 0.161993
6,1075, 0.162466
6,1076, 0.162909
6,1077, 0.162973
6,1078, 0.163502
6,1079, 0.163622
6,1080, 0.164048
6,1081, 0.164512
6,1082, 0.164490
6,1083, 0.165075
6,1084, 0.165080
6,1085, 0.165590
6,1086, 0.165973
6,1087, 0.165965
6,1088, 0.166506
6,1089, 0.166524
6,1090, 0.167032
6,1091, 0.167537
6,1092, 0.167620
6,1093, 0.168209
6,1094, 0.168188
6,1095, 0.168564
6,1096, 0.169073
6,1097, 0.169054
6,1098, 0.169709
6,1099, 0.169623
6,1100, 0.170085
6,1101, 0.170610
6,1102, 0.170613
6,1103, 0.171196
6,1104, 0.171209
6,1105, 0.171686
6,1106, 0.172117
6,1107, 0.172133
6,1108, 0.172750
6,1109, 0.172704
6,1110, 0.173130
6,1111, 0.173702
6,1112, 0.173716
6,1113, 0.174322
6,1114, 0.174273
6,1115, 0.174769
6,1116, 0.175406
6,1117, 0.175186
6,1118, 0.175852
6,1119, 0.175847
6,1120, 0.176319
6,1121, 0.176920
6,1122, 0.176805
6,1123, 0.177421
6,1124, 0.177435
6,1125, 0.177882
6,1126, 0.178565
6,1127, 0.178514
6,1128, 0.179027
6,1129, 0.179021
6,1130, 0.179535
6,1131, 0.180067
6,1132, 0.180018
6,1133, 0.180614
6,1134, 0.180576
6,1135, 0.181132
6,1136, 0.181648
6,1137, 0.181648
6,1138, 0.182366
6,1139, 0.182299
6,1140, 0.182824
6,1141, 0.183381
6,1142, 0.183246
6,1143, 0.183855
6,1144, 0.183826
6,1145, 0.184301
6,1146, 0.184852
6,1147, 0.184785
6,1148, 0.185542
6,1149, 0.185385
6,1150, 0.185932
6,1151, 0.186438
6,1152, 0.186360
6,1153, 0.187131
6,1154, 0.186951
6,1155, 0.187515
6,1156, 0.188043
6,1157, 0.188012
6,1158, 0.188732
6,1159, 0.188671
6,1160, 0.189236
6,1161, 0.189682
6,1162, 0.189728
6,1163, 0.190388
6,1164, 0.190338
6,1165, 0.190944
6,1166, 0.191284
6,1167, 0.191253
6,1168, 0.191948
6,1169, 0.192028
6,1170, 0.192520
6,1171, 0.192955
6,1172, 0.192928
6,1173, 0.193617
6,1174, 0.193634
6,1175, 0.194146
6,1176, 0.194657
6,1177, 0.194705
6,1178, 0.195262
6,1179, 0.195249
6,1180, 0.195762
6,1181, 0.196288
6,1182, 0.196238
6,1183, 0.196949
6,1184, 0.196909
6,1185, 0.197424
6,1186, 0.198002
6,1187, 0.197944
6,1188, 0.198607
6,1189, 0.198573
6,1190, 0.199110
6,1191, 0.199563
6,1192, 0.199615
6,1193, 0.200287
6,1194, 0.200270
6,1195, 0.200843
6,1196, 0.201358
6,1197, 0.201280
6,1198, 0.201960
6,1199, 0.201954
6,1200, 0.202541
6,1201, 0.203064
6,1202, 0.202965
6,1203, 0.203679
6,1204, 0.203585
6,1205, 0.204169
6,1206, 0.204698
6,1207, 0.204592
6,1208, 0.205368
6,1209, 0.205341
6,1210, 0.205944
6,1211, 0.206481
6,1212, 0.206362
6,1213, 0.207007
6,1214, 0.207016
6,1215, 0.207517
6,1216, 0.208082
6,1217, 0.208042
6,1218, 0.208770
6,1219, 0.208826
6,1220, 0.209393
6,1221, 0.209904
6,1222, 0.209908
6,1223, 0.210566
6,1224, 0.210420
6,1225, 0.210882
6,1226, 0.211548
6,1227, 0.211511
6,1228, 0.212210
6,1229, 0.212367
6,1230, 0.212784
6,1231, 0.213270
6,1232, 0.213167
6,1233, 0.213944
6,1234, 0.213850
6,1235, 0.214417
6,1236, 0.214966
6,1237, 0.214983
6,1238, 0.215653
6,1239, 0.215565
6,1240, 0.216137
6,1241, 0.216733
6,1242, 0.216746
6,1243, 0.217475
6,1244, 0.217382
6,1245, 0.217881
6,1246, 0.218455
6,1247, 0.218488
6,1248, 0.219301
6,1249, 0.219043
6,1250, 0.219651
6,1251, 0.220288
6,1252, 0.220195
6,1253, 0.220891
6,1254, 0.220812
6,1255, 0.221305
6,1256, 0.222064
6,1257, 0.221902
6,1258, 0.222640
6,1259, 0.222485
6,1260, 0.223203
6,1261, 0.223910
6,1262, 0.223774
6,1263, 0.224390
6,1264, 0.224324
6,1265, 0.225011
6,1266, 0.225488
6,1267, 0.225423
6,1268, 0.226306
6,1269, 0.226200
6,1270, 0.226692
6,1271, 0.227305
6,1272, 0.227345
6,1273, 0.227971
6,1274, 0.228036
6,1275, 0.228758
6,1276, 0.229207
6,1277, 0.229139
6,1278, 0.229760
6,1279, 0.229661
6,1280, 0.230287
6,1281, 0.230961
6,1282, 0.230943
6,1283, 0.231546
6,1284, 0.231566
6,1285, 0.232101
6,1286, 0.232704
6,1287, 0.232615
6,1288, 0.233371
6,1289, 0.233245
6,1290, 0.233853
6,1291, 0.234606
6,1292, 0.234579
6,1293, 0.235401
6,1294, 0.235256
6,1295, 0.235790
6,1296, 0.236290
6,1297, 0.236207
6,1298, 0.237083
6,1299, 0.237011
6,1300, 0.237748
6,1301, 0.238168
6,1302, 0.238180
6,1303, 0.238794
6,1304, 0.238809
6,1305, 0.239319
6,1306, 0.239882
6,1307, 0.239901
6,1308, 0.240777
6,1309, 0.240720
6,1310, 0.241286
6,1311, 0.241952
6,1312, 0.241845
6,1313, 0.242541
6,1314, 0.242394
6,1315, 0.243026
6,1316, 0.243752
6,1317, 0.243749
6,1318, 0.244338
6,1319, 0.244279
6,1320, 0.244943
6,1321, 0.245636
6,1322, 0.245620
6,1323, 0.246273
6,1324, 0.246185
6,1325, 0.246699
6,1326, 0.247464
6,1327, 0.247361
6,1328, 0.248151
6,1329, 0.247971
6,1330, 0.248631
6,1331, 0.249172
6,1332, 0.249202
6,1333, 0.249979
6,1334, 0.249911
6,1335, 0.250484
6,1336, 0.251098
6,1337, 0.251112
6,1338, 0.251809
6,1339, 0.251848
6,1340, 0.252560
6,1341, 0.253223
6,1342, 0.253068
6,1343, 0.253900
6,1344, 0.253788
6,1345, 0.254264
6,1346, 0.254922
6,1347, 0.254778
6,1348, 0.255696
6,1349, 0.255659
6,1350, 0.256197
6,1351, 0.256800
6,1352, 0.256788
6,1353, 0.257490
6,1354, 0.257478
6,1355, 0.258020
6,1356, 0.258776
6,1357, 0.258586
6,1358, 0.259615
6,1359, 0.259546
6,1360, 0.260156
6,1361, 0.260538
6,1362, 0.260502
6,1363, 0.261398
6,1364, 0.261462
6,1365, 0.261978
6,1366, 0.262565
6,1367, 0.262520
6,1368, 0.263183
6,1369, 0.263258
6,1370, 0.263745
6,1371, 0.264565
6,1372, 0.264463
6,1373, 0.265206
6,1374, 0.265088
6,1375, 0.265823
6,1376, 0.266506
6,1377, 0.266418
6,1378, 0.267193
6,1379, 0.267233
6,1380, 0.267755
6,1381, 0.268351
6,1382, 0.268368
6,1383, 0.269120
6,1384, 0.269156
6,1385, 0.269815
6,1386, 0.270427
6,1387, 0.270405
6,1388, 0.271099
6,1389, 0.271063
6,1390, 0.271695
6,1391, 0.272146
6,1392, 0.272232
6,1393, 0.273087
6,1394, 0.273110
6,1395, 0.273677
6,1396, 0.274201
6,1397, 0.274256
6,1398, 0.275000
6,1399, 0.274828
6,1400, 0.275505
6,1401, 0.276263
6,1402, 0.276178
6,1403, 0.277010
6,1404, 0.276922
6,1405, 0.277518
6,1406, 0.278059
6,1407, 0.278194
6,1408, 0.278960
6,1409, 0.278957
6,1410, 0.279481
6,1411, 0.280138
6,1412, 0.280188
6,1413, 0.280985
6,1414, 0.280770
6,1415, 0.281603
6,1416, 0.282225
6,1417, 0.282158
6,1418, 0.282909
6,1419, 0.282896
6,1420, 0.283470
6,1421, 0.284162
6,1422, 0.284064
6,1423, 0.284964
6,1424, 0.284873
6,1425, 0.285500
6,1426, 0.286120
6,1427, 0.286070
6,1428, 0.286763
6,1429, 0.287033
6,1430, 0.287652
6,1431, 0.288135
6,1432, 0.288070
6,1433, 0.288823
6,1434, 0.288908
6,1435, 0.289488
6,1436, 0.290244
6,1437, 0.290096
6,1438, 0.290851
6,1439, 0.290942
6,1440, 0.291557
6,1441, 0.292293
6,1442, 0.292088
6,1443, 0.293124
6,1444, 0.293057
6,1445, 0.293664
6,1446, 0.294391
6,1447, 0.294297
6,1448, 0.295047
6,1449, 0.295104
6,1450, 0.295791
6,1451, 0.296378
6,1452, 0.296220
6,1453, 0.297194
6,1454, 0.297151
6,1455, 0.297940
6,1456, 0.298390
6,1457, 0.298312
6,1458, 0.299138
6,1459, 0.299116
6,1460, 0.299730
6,1461, 0.300497
6,1462, 0.300408
6,1463, 0.301184
6,1464, 0.301234
6,1465, 0.301903
6,1466, 0.302423
6,1467, 0.302465
6,1468, 0.303220
6,1469, 0.303244
6,1470, 0.303937
6,1471, 0.304568
6,1472, 0.304579
6,1473, 0.305445
6,1474, 0.305255
6,1475, 0.306035
6,1476, 0.306537
6,1477, 0.306664
6,1478, 0.307309
6,1479, 0.307341
6,1480, 0.308055
6,1481, 0.308609
6,1482, 0.308650
6,1483, 0.309550
6,1484, 0.309588
6,1485, 0.310153
6,1486, 0.310825
6,1487, 0.310704
6,1488, 0.311603
6,1489, 0.311589
6,1490, 0.312156
6,1491, 0.312878
6,1492, 0.312814
6,1493, 0.313649
6,1494, 0.313579
6,1495, 0.314282
6,1496, 0.315242
6,1497, 0.315132
6,1498, 0.316017
6,1499, 0.315691
6,1500, 0.316339
