29,500, 0.060183
29,501, 0.215183
29,502, 0.217498
29,503, 0.215615
29,504, 0.008399
29,505, 0.008319
29,506, 0.008310
29,507, 0.008318
29,508, 0.008303
29,509, 0.008470
29,510, 0.008305
29,511, 0.008593
29,512, 0.008315
29,513, 0.216927
29,514, 0.008568
29,515, 0.008604
29,516, 0.008589
29,517, 0.008744
29,518, 0.008604
29,519, 0.008742
29,520, 0.008742
29,521, 0.008742
29,522, 0.008879
29,523, 0.008746
29,524, 0.008887
29,525, 0.008873
29,526, 0.219370
29,527, 0.009001
29,528, 0.009037
29,529, 0.009015
29,530, 0.207272
29,531, 0.009067
29,532, 0.009160
29,533, 0.009185
29,534, 0.009169
29,535, 0.009311
29,536, 0.009176
29,537, 0.009590
29,538, 0.009183
29,539, 0.009603
29,540, 0.009448
29,541, 0.009601
29,542, 0.009326
29,543, 0.009745
29,544, 0.009594
29,545, 0.009747
29,546, 0.009737
29,547, 0.009742
29,548, 0.009613
29,549, 0.009883
29,550, 0.009894
29,551, 0.009881
29,552, 0.010033
29,553, 0.009897
29,554, 0.010030
29,555, 0.009889
29,556, 0.010168
29,557, 0.010038
29,558, 0.010168
29,559, 0.019583
29,560, 0.010092
29,561, 0.010311
29,562, 0.010312
29,563, 0.010463
29,564, 0.010324
29,565, 0.010469
29,566, 0.208889
29,567, 0.010590
29,568, 0.209487
29,569, 0.010567
29,570, 0.010452
29,571, 0.010750
29,572, 0.010597
29,573, 0.206255
29,574, 0.208022
29,575, 0.010652
29,576, 0.010744
29,577, 0.010880
29,578, 0.010904
29,579, 0.010881
29,580, 0.011041
29,581, 0.010895
29,582, 0.011167
29,583, 0.217918
29,584, 0.011169
29,585, 0.217676
29,586, 0.215907
29,587, 0.011112
29,588, 0.216973
29,589, 0.011243
29,590, 0.011193
29,591, 0.217320
29,592, 0.018134
29,593, 0.011402
29,594, 0.011313
29,595, 0.011746
29,596, 0.011335
29,597, 0.206690
29,598, 0.016210
29,599, 0.011761
29,600, 0.219779
29,601, 0.220203
29,602, 0.221018
29,603, 0.011792
29,604, 0.019246
29,605, 0.011842
29,606, 0.011911
29,607, 0.220277
29,608, 0.011957
29,609, 0.220216
29,610, 0.220959
29,611, 0.011840
29,612, 0.012175
29,613, 0.012044
29,614, 0.012182
29,615, 0.219765
29,616, 0.012187
29,617, 0.012318
29,618, 0.012320
29,619, 0.012474
29,620, 0.218674
29,621, 0.216358
29,622, 0.215897
29,623, 0.216285
29,624, 0.216270
29,625, 0.012770
29,626, 0.218484
29,627, 0.012890
29,628, 0.012622
29,629, 0.012890
29,630, 0.012768
29,631, 0.217238
29,632, 0.215802
29,633, 0.215790
29,634, 0.216292
29,635, 0.019413
29,636, 0.013155
29,637, 0.209409
29,638, 0.220320
29,639, 0.221003
29,640, 0.013298
29,641, 0.013188
29,642, 0.020246
29,643, 0.013295
29,644, 0.219088
29,645, 0.224442
29,646, 0.013490
29,647, 0.013618
29,648, 0.013474
29,649, 0.013756
29,650, 0.217813
29,651, 0.219791
29,652, 0.016719
29,653, 0.013752
29,654, 0.013607
29,655, 0.219885
29,656, 0.211436
29,657, 0.013951
29,658, 0.013896
29,659, 0.014043
29,660, 0.218912
29,661, 0.020600
29,662, 0.014224
29,663, 0.014055
29,664, 0.210655
29,665, 0.220761
29,666, 0.014424
29,667, 0.221811
29,668, 0.014434
29,669, 0.221708
29,670, 0.014546
29,671, 0.220906
29,672, 0.014493
29,673, 0.221633
29,674, 0.220342
29,675, 0.014755
29,676, 0.220258
29,677, 0.224903
29,678, 0.219467
29,679, 0.220961
29,680, 0.223044
29,681, 0.208924
29,682, 0.219362
29,683, 0.219490
29,684, 0.014927
29,685, 0.015061
29,686, 0.222771
29,687, 0.015183
29,688, 0.219822
29,689, 0.015290
29,690, 0.021417
29,691, 0.015276
29,692, 0.047259
29,693, 0.015248
29,694, 0.222777
29,695, 0.224068
29,696, 0.223074
29,697, 0.225110
29,698, 0.208299
29,699, 0.227691
29,700, 0.015684
29,701, 0.015905
29,702, 0.015755
29,703, 0.219838
29,704, 0.228917
29,705, 0.211754
29,706, 0.223190
29,707, 0.016304
29,708, 0.015909
29,709, 0.016204
29,710, 0.016059
29,711, 0.016342
29,712, 0.016188
29,713, 0.016475
29,714, 0.019422
29,715, 0.016415
29,716, 0.019462
29,717, 0.016373
29,718, 0.019623
29,719, 0.245331
29,720, 0.214465
29,721, 0.228688
29,722, 0.219288
29,723, 0.224430
29,724, 0.224090
29,725, 0.224537
29,726, 0.223492
29,727, 0.211415
29,728, 0.224111
29,729, 0.224555
29,730, 0.212230
29,731, 0.220182
29,732, 0.017089
29,733, 0.017486
29,734, 0.017205
29,735, 0.017624
29,736, 0.018045
29,737, 0.017651
29,738, 0.048233
29,739, 0.048403
29,740, 0.248029
29,741, 0.018528
29,742, 0.017583
29,743, 0.224727
29,744, 0.224095
29,745, 0.221365
29,746, 0.224605
29,747, 0.017825
29,748, 0.018062
29,749, 0.017917
29,750, 0.018195
29,751, 0.022285
29,752, 0.018143
29,753, 0.018063
29,754, 0.018335
29,755, 0.222567
29,756, 0.247900
29,757, 0.225245
29,758, 0.211003
29,759, 0.223596
29,760, 0.019835
29,761, 0.018795
29,762, 0.018487
29,763, 0.021443
29,764, 0.018551
29,765, 0.049076
29,766, 0.018585
29,767, 0.222725
29,768, 0.223799
29,769, 0.224946
29,770, 0.212190
29,771, 0.223968
29,772, 0.223775
29,773, 0.224259
29,774, 0.223318
29,775, 0.224980
29,776, 0.227149
29,777, 0.223841
29,778, 0.212241
29,779, 0.021353
29,780, 0.019494
29,781, 0.019482
29,782, 0.019639
29,783, 0.019636
29,784, 0.244925
29,785, 0.210147
29,786, 0.221970
29,787, 0.223170
29,788, 0.224857
29,789, 0.223030
29,790, 0.020694
29,791, 0.020203
29,792, 0.019923
29,793, 0.020222
29,794, 0.019923
29,795, 0.047229
29,796, 0.216543
29,797, 0.247947
29,798, 0.224012
29,799, 0.223865
29,800, 0.216525
29,801, 0.223397
29,802, 0.023785
29,803, 0.020579
29,804, 0.020786
29,805, 0.020498
29,806, 0.246626
29,807, 0.020726
29,808, 0.020928
29,809, 0.213877
29,810, 0.021081
29,811, 0.247537
29,812, 0.223898
29,813, 0.022522
29,814, 0.021129
29,815, 0.224638
29,816, 0.211812
29,817, 0.021792
29,818, 0.021276
29,819, 0.021643
29,820, 0.021228
29,821, 0.021635
29,822, 0.021356
29,823, 0.224267
29,824, 0.224071
29,825, 0.021869
29,826, 0.021787
29,827, 0.021791
29,828, 0.021925
29,829, 0.224377
29,830, 0.215734
29,831, 0.227669
29,832, 0.213597
29,833, 0.022069
29,834, 0.022496
29,835, 0.022075
29,836, 0.022507
29,837, 0.022356
29,838, 0.221786
29,839, 0.022502
29,840, 0.022639
29,841, 0.220881
29,842, 0.211284
29,843, 0.223207
29,844, 0.224653
29,845, 0.223653
29,846, 0.216084
29,847, 0.023217
29,848, 0.226420
29,849, 0.222027
29,850, 0.226012
29,851, 0.212483
29,852, 0.223368
29,853, 0.225145
29,854, 0.023426
29,855, 0.227487
29,856, 0.218371
29,857, 0.230321
29,858, 0.251394
29,859, 0.225076
29,860, 0.225190
29,861, 0.230838
29,862, 0.225214
29,863, 0.224078
29,864, 0.224865
29,865, 0.225963
29,866, 0.229642
29,867, 0.024059
29,868, 0.024106
29,869, 0.024218
29,870, 0.024222
29,871, 0.024376
29,872, 0.219237
29,873, 0.214240
29,874, 0.215307
29,875, 0.217528
29,876, 0.226677
29,877, 0.225600
29,878, 0.024524
29,879, 0.024809
29,880, 0.024649
29,881, 0.024937
29,882, 0.024802
29,883, 0.224855
29,884, 0.227965
29,885, 0.217019
29,886, 0.224453
29,887, 0.225395
29,888, 0.226661
29,889, 0.216054
29,890, 0.227476
29,891, 0.025173
29,892, 0.025656
29,893, 0.222490
29,894, 0.227756
29,895, 0.251915
29,896, 0.225127
29,897, 0.249089
29,898, 0.247812
29,899, 0.225217
29,900, 0.225224
29,901, 0.227189
29,902, 0.227874
29,903, 0.227893
29,904, 0.228102
29,905, 0.228529
29,906, 0.026123
29,907, 0.026518
29,908, 0.026235
29,909, 0.052118
29,910, 0.224761
29,911, 0.225810
29,912, 0.226508
29,913, 0.228103
29,914, 0.227958
29,915, 0.226301
29,916, 0.229764
29,917, 0.225888
29,918, 0.226171
29,919, 0.215785
29,920, 0.228227
29,921, 0.227955
29,922, 0.226119
29,923, 0.224392
29,924, 0.221883
29,925, 0.229588
29,926, 0.223981
29,927, 0.228599
29,928, 0.226106
29,929, 0.225945
29,930, 0.223972
29,931, 0.222974
29,932, 0.228500
29,933, 0.226081
29,934, 0.225373
29,935, 0.028158
29,936, 0.027810
29,937, 0.222381
29,938, 0.250445
29,939, 0.222163
29,940, 0.226233
29,941, 0.225078
29,942, 0.223533
29,943, 0.226825
29,944, 0.221788
29,945, 0.226783
29,946, 0.226333
29,947, 0.225196
29,948, 0.227405
29,949, 0.227421
29,950, 0.225152
29,951, 0.223509
29,952, 0.224515
29,953, 0.223514
29,954, 0.226233
29,955, 0.226374
29,956, 0.226217
29,957, 0.227518
29,958, 0.228233
29,959, 0.228561
29,960, 0.228406
29,961, 0.230218
29,962, 0.232542
29,963, 0.227548
29,964, 0.254185
29,965, 0.226660
29,966, 0.228102
29,967, 0.227293
29,968, 0.228696
29,969, 0.224203
29,970, 0.231101
29,971, 0.228378
29,972, 0.228960
29,973, 0.218089
29,974, 0.030496
29,975, 0.030243
29,976, 0.030531
29,977, 0.030382
29,978, 0.232456
29,979, 0.219293
29,980, 0.228228
29,981, 0.229020
29,982, 0.225016
29,983, 0.228358
29,984, 0.230071
29,985, 0.226151
29,986, 0.228987
29,987, 0.219965
29,988, 0.227351
29,989, 0.218193
29,990, 0.228255
29,991, 0.228910
29,992, 0.231015
29,993, 0.217200
29,994, 0.230365
29,995, 0.226907
29,996, 0.227968
29,997, 0.228104
29,998, 0.220273
29,999, 0.228958
29,1000, 0.230731
29,1001, 0.220933
29,1002, 0.228389
29,1003, 0.231948
29,1004, 0.231966
29,1005, 0.225023
29,1006, 0.231051
29,1007, 0.228850
29,1008, 0.235245
29,1009, 0.231977
29,1010, 0.231341
29,1011, 0.229414
29,1012, 0.231311
29,1013, 0.223047
29,1014, 0.220197
29,1015, 0.232324
29,1016, 0.231317
29,1017, 0.224221
29,1018, 0.220780
29,1019, 0.223219
29,1020, 0.220827
29,1021, 0.229643
29,1022, 0.230551
29,1023, 0.229519
29,1024, 0.222424
29,1025, 0.229638
29,1026, 0.230472
29,1027, 0.233266
29,1028, 0.227789
29,1029, 0.233683
29,1030, 0.227585
29,1031, 0.227424
29,1032, 0.229141
29,1033, 0.236540
29,1034, 0.218645
29,1035, 0.234082
29,1036, 0.217845
29,1037, 0.220067
29,1038, 0.220199
29,1039, 0.233378
29,1040, 0.232124
29,1041, 0.222126
29,1042, 0.228444
29,1043, 0.230157
29,1044, 0.229917
29,1045, 0.229314
29,1046, 0.234930
29,1047, 0.035152
29,1048, 0.034982
29,1049, 0.255153
29,1050, 0.052637
29,1051, 0.218503
29,1052, 0.035373
29,1053, 0.035411
29,1054, 0.035556
29,1055, 0.035404
29,1056, 0.035828
29,1057, 0.232937
29,1058, 0.216984
29,1059, 0.222152
29,1060, 0.035980
29,1061, 0.228533
29,1062, 0.227816
29,1063, 0.229226
29,1064, 0.219595
29,1065, 0.231605
29,1066, 0.227958
29,1067, 0.227956
29,1068, 0.228425
29,1069, 0.228089
29,1070, 0.227959
29,1071, 0.227955
29,1072, 0.222486
29,1073, 0.220376
29,1074, 0.218194
29,1075, 0.221771
29,1076, 0.036884
29,1077, 0.037128
29,1078, 0.036983
29,1079, 0.037123
29,1080, 0.252360
29,1081, 0.226873
29,1082, 0.231985
29,1083, 0.221688
29,1084, 0.218460
29,1085, 0.222019
29,1086, 0.231431
29,1087, 0.228526
29,1088, 0.218400
29,1089, 0.229512
29,1090, 0.220078
29,1091, 0.232836
29,1092, 0.219937
29,1093, 0.038213
29,1094, 0.038130
29,1095, 0.260306
29,1096, 0.230654
29,1097, 0.228112
29,1098, 0.233984
29,1099, 0.220537
29,1100, 0.038356
29,1101, 0.038849
29,1102, 0.038419
29,1103, 0.038843
29,1104, 0.038700
29,1105, 0.225527
29,1106, 0.038835
29,1107, 0.038987
29,1108, 0.039122
29,1109, 0.223345
29,1110, 0.255918
29,1111, 0.223174
29,1112, 0.039590
29,1113, 0.039272
29,1114, 0.039704
29,1115, 0.262443
29,1116, 0.260651
29,1117, 0.226835
29,1118, 0.224501
29,1119, 0.223936
29,1120, 0.224077
29,1121, 0.223939
29,1122, 0.219449
29,1123, 0.224552
29,1124, 0.219415
29,1125, 0.233426
29,1126, 0.232615
29,1127, 0.227375
29,1128, 0.222498
29,1129, 0.223715
29,1130, 0.224345
29,1131, 0.227140
29,1132, 0.236333
29,1133, 0.230550
29,1134, 0.241538
29,1135, 0.231224
29,1136, 0.240769
29,1137, 0.041020
29,1138, 0.041427
29,1139, 0.227979
29,1140, 0.041670
29,1141, 0.041290
29,1142, 0.041715
29,1143, 0.041421
29,1144, 0.041860
29,1145, 0.041578
29,1146, 0.041852
29,1147, 0.041857
29,1148, 0.041997
29,1149, 0.042142
29,1150, 0.042006
29,1151, 0.042285
29,1152, 0.042138
29,1153, 0.042573
29,1154, 0.042284
29,1155, 0.042723
29,1156, 0.042288
29,1157, 0.042856
29,1158, 0.042438
29,1159, 0.042865
29,1160, 0.042708
29,1161, 0.043006
29,1162, 0.043005
29,1163, 0.043140
29,1164, 0.223914
29,1165, 0.223075
29,1166, 0.238095
29,1167, 0.238200
29,1168, 0.224610
29,1169, 0.223937
29,1170, 0.225074
29,1171, 0.234280
29,1172, 0.225468
29,1173, 0.043562
29,1174, 0.043859
29,1175, 0.043869
29,1176, 0.044001
29,1177, 0.044143
29,1178, 0.044021
29,1179, 0.223182
29,1180, 0.044168
29,1181, 0.044580
29,1182, 0.236319
29,1183, 0.232315
29,1184, 0.220939
29,1185, 0.219939
29,1186, 0.044680
29,1187, 0.044882
29,1188, 0.044710
29,1189, 0.249639
29,1190, 0.226751
29,1191, 0.045138
29,1192, 0.234264
29,1193, 0.224458
29,1194, 0.224194
29,1195, 0.045347
29,1196, 0.045732
29,1197, 0.045293
29,1198, 0.045867
29,1199, 0.045446
29,1200, 0.045871
29,1201, 0.045725
29,1202, 0.238448
29,1203, 0.224173
29,1204, 0.255883
29,1205, 0.227789
29,1206, 0.222215
29,1207, 0.221338
29,1208, 0.225293
29,1209, 0.046813
29,1210, 0.233693
29,1211, 0.231678
29,1212, 0.259388
29,1213, 0.232795
29,1214, 0.224421
29,1215, 0.226981
29,1216, 0.228666
29,1217, 0.047113
29,1218, 0.232969
29,1219, 0.220296
29,1220, 0.237551
29,1221, 0.224201
29,1222, 0.229926
29,1223, 0.231968
29,1224, 0.240459
29,1225, 0.236614
29,1226, 0.230721
29,1227, 0.047750
29,1228, 0.220478
29,1229, 0.240920
29,1230, 0.236642
29,1231, 0.048137
29,1232, 0.048298
29,1233, 0.222402
29,1234, 0.234492
29,1235, 0.236006
29,1236, 0.242583
29,1237, 0.230027
29,1238, 0.227012
29,1239, 0.222412
29,1240, 0.230526
29,1241, 0.049164
29,1242, 0.048877
29,1243, 0.049315
29,1244, 0.259633
29,1245, 0.236695
29,1246, 0.234018
29,1247, 0.230341
29,1248, 0.049560
29,1249, 0.230510
29,1250, 0.260597
29,1251, 0.235132
29,1252, 0.227313
29,1253, 0.226477
29,1254, 0.244618
29,1255, 0.049925
29,1256, 0.227051
29,1257, 0.229117
29,1258, 0.229099
29,1259, 0.245549
29,1260, 0.223446
29,1261, 0.050671
29,1262, 0.050602
29,1263, 0.269668
29,1264, 0.222638
29,1265, 0.243177
29,1266, 0.244023
29,1267, 0.231698
29,1268, 0.234733
29,1269, 0.233403
29,1270, 0.228581
29,1271, 0.223003
29,1272, 0.240802
29,1273, 0.229988
29,1274, 0.051556
29,1275, 0.051610
29,1276, 0.051745
29,1277, 0.051748
29,1278, 0.052035
29,1279, 0.272159
29,1280, 0.238566
29,1281, 0.236401
29,1282, 0.241458
29,1283, 0.052047
29,1284, 0.254084
29,1285, 0.052411
29,1286, 0.052621
29,1287, 0.224980
29,1288, 0.229509
29,1289, 0.236319
29,1290, 0.227700
29,1291, 0.226007
29,1292, 0.234181
29,1293, 0.222903
29,1294, 0.053027
29,1295, 0.053617
29,1296, 0.227719
29,1297, 0.240620
29,1298, 0.241100
29,1299, 0.234234
29,1300, 0.232198
29,1301, 0.053856
29,1302, 0.232477
29,1303, 0.053945
29,1304, 0.229057
29,1305, 0.224453
29,1306, 0.220423
29,1307, 0.262195
29,1308, 0.234138
29,1309, 0.226286
29,1310, 0.231516
29,1311, 0.226575
29,1312, 0.237415
29,1313, 0.054713
29,1314, 0.231650
29,1315, 0.226204
29,1316, 0.262049
29,1317, 0.264379
29,1318, 0.240694
29,1319, 0.239254
29,1320, 0.230499
29,1321, 0.233066
29,1322, 0.237689
29,1323, 0.235858
29,1324, 0.237079
29,1325, 0.225202
29,1326, 0.222685
29,1327, 0.224792
29,1328, 0.055949
29,1329, 0.056197
29,1330, 0.229786
29,1331, 0.231815
29,1332, 0.236565
29,1333, 0.235333
29,1334, 0.230203
29,1335, 0.232023
29,1336, 0.244295
29,1337, 0.225487
29,1338, 0.233171
29,1339, 0.233691
29,1340, 0.243759
29,1341, 0.234688
29,1342, 0.237004
29,1343, 0.235770
29,1344, 0.231518
29,1345, 0.233149
29,1346, 0.245330
29,1347, 0.238158
29,1348, 0.232951
29,1349, 0.239169
29,1350, 0.240996
29,1351, 0.238569
29,1352, 0.231748
29,1353, 0.224040
29,1354, 0.226403
29,1355, 0.236245
29,1356, 0.058216
29,1357, 0.228614
29,1358, 0.248248
29,1359, 0.230234
29,1360, 0.233313
29,1361, 0.224379
29,1362, 0.238045
29,1363, 0.058844
29,1364, 0.266271
29,1365, 0.246092
29,1366, 0.241533
29,1367, 0.235381
29,1368, 0.230995
29,1369, 0.059469
29,1370, 0.233395
29,1371, 0.232418
29,1372, 0.232453
29,1373, 0.234671
29,1374, 0.234883
29,1375, 0.244458
29,1376, 0.234745
29,1377, 0.232182
29,1378, 0.231926
29,1379, 0.232203
29,1380, 0.060207
29,1381, 0.060778
29,1382, 0.235011
29,1383, 0.232126
29,1384, 0.232023
29,1385, 0.061062
29,1386, 0.235664
29,1387, 0.061079
29,1388, 0.267213
29,1389, 0.234844
29,1390, 0.061479
29,1391, 0.274263
29,1392, 0.232112
29,1393, 0.241356
29,1394, 0.230130
29,1395, 0.225561
29,1396, 0.062138
29,1397, 0.239639
29,1398, 0.062256
29,1399, 0.233818
29,1400, 0.244585
29,1401, 0.244038
29,1402, 0.245289
29,1403, 0.246780
29,1404, 0.244037
29,1405, 0.244034
29,1406, 0.244015
29,1407, 0.239497
29,1408, 0.240017
29,1409, 0.238457
29,1410, 0.236275
29,1411, 0.236196
29,1412, 0.228010
29,1413, 0.230052
29,1414, 0.228998
29,1415, 0.262414
29,1416, 0.265636
29,1417, 0.236035
29,1418, 0.230618
29,1419, 0.063812
29,1420, 0.064242
29,1421, 0.232260
29,1422, 0.230166
29,1423, 0.063969
29,1424, 0.064501
29,1425, 0.247592
29,1426, 0.249479
29,1427, 0.064617
29,1428, 0.064784
29,1429, 0.236983
29,1430, 0.235666
29,1431, 0.239935
29,1432, 0.228500
29,1433, 0.229888
29,1434, 0.065178
29,1435, 0.065661
29,1436, 0.229156
29,1437, 0.238689
29,1438, 0.232079
29,1439, 0.243176
29,1440, 0.236536
29,1441, 0.231953
29,1442, 0.240788
29,1443, 0.241462
29,1444, 0.230021
29,1445, 0.066177
29,1446, 0.066666
29,1447, 0.066358
29,1448, 0.275321
29,1449, 0.230874
29,1450, 0.227580
29,1451, 0.230871
29,1452, 0.234030
29,1453, 0.261742
29,1454, 0.232894
29,1455, 0.067262
29,1456, 0.236846
29,1457, 0.252786
29,1458, 0.237798
29,1459, 0.250255
29,1460, 0.252043
29,1461, 0.250731
29,1462, 0.249393
29,1463, 0.250703
29,1464, 0.229730
29,1465, 0.230199
29,1466, 0.067990
29,1467, 0.266584
29,1468, 0.235353
29,1469, 0.227562
29,1470, 0.236192
29,1471, 0.248483
29,1472, 0.249412
29,1473, 0.246683
29,1474, 0.235999
29,1475, 0.240833
29,1476, 0.242065
29,1477, 0.068974
29,1478, 0.069670
29,1479, 0.242910
29,1480, 0.234935
29,1481, 0.069626
29,1482, 0.233526
29,1483, 0.241679
29,1484, 0.069983
29,1485, 0.240555
29,1486, 0.249648
29,1487, 0.070461
29,1488, 0.239759
29,1489, 0.237382
29,1490, 0.237231
29,1491, 0.230848
29,1492, 0.070462
29,1493, 0.070964
29,1494, 0.243023
29,1495, 0.248212
29,1496, 0.250878
29,1497, 0.249247
29,1498, 0.247884
29,1499, 0.248047
29,1500, 0.256053
