17,500, 0.047252
17,501, 0.024295
17,502, 0.023798
17,503, 0.017284
17,504, 0.014032
17,505, 0.014053
17,506, 0.014197
17,507, 0.014171
17,508, 0.014338
17,509, 0.014195
17,510, 0.014340
17,511, 0.014324
17,512, 0.014473
17,513, 0.014488
17,514, 0.014603
17,515, 0.014771
17,516, 0.014617
17,517, 0.014901
17,518, 0.014637
17,519, 0.014899
17,520, 0.014902
17,521, 0.014922
17,522, 0.015043
17,523, 0.015042
17,524, 0.015203
17,525, 0.015047
17,526, 0.015329
17,527, 0.015203
17,528, 0.015333
17,529, 0.015476
17,530, 0.015480
17,531, 0.015625
17,532, 0.015484
17,533, 0.015757
17,534, 0.015625
17,535, 0.015775
17,536, 0.015774
17,537, 0.015893
17,538, 0.016054
17,539, 0.015918
17,540, 0.016187
17,541, 0.016054
17,542, 0.016201
17,543, 0.016197
17,544, 0.016336
17,545, 0.016350
17,546, 0.016334
17,547, 0.016629
17,548, 0.016346
17,549, 0.016638
17,550, 0.016478
17,551, 0.016763
17,552, 0.016771
17,553, 0.016784
17,554, 0.016902
17,555, 0.016906
17,556, 0.017067
17,557, 0.016913
17,558, 0.017175
17,559, 0.017073
17,560, 0.017190
17,561, 0.017336
17,562, 0.017207
17,563, 0.017483
17,564, 0.017333
17,565, 0.017623
17,566, 0.017476
17,567, 0.017639
17,568, 0.017626
17,569, 0.017761
17,570, 0.017915
17,571, 0.017776
17,572, 0.018191
17,573, 0.017916
17,574, 0.018207
17,575, 0.018193
17,576, 0.018336
17,577, 0.018341
17,578, 0.018214
17,579, 0.018619
17,580, 0.018485
17,581, 0.018777
17,582, 0.018498
17,583, 0.018759
17,584, 0.018778
17,585, 0.018898
17,586, 0.019060
17,587, 0.018925
17,588, 0.019200
17,589, 0.019055
17,590, 0.019209
17,591, 0.019198
17,592, 0.019343
17,593, 0.019486
17,594, 0.019361
17,595, 0.019629
17,596, 0.019478
17,597, 0.019771
17,598, 0.019633
17,599, 0.019791
17,600, 0.019771
17,601, 0.019912
17,602, 0.020052
17,603, 0.019936
17,604, 0.020196
17,605, 0.020059
17,606, 0.020215
17,607, 0.020204
17,608, 0.020342
17,609, 0.020490
17,610, 0.020494
17,611, 0.020648
17,612, 0.020760
17,613, 0.020931
17,614, 0.020776
17,615, 0.021064
17,616, 0.021060
17,617, 0.021077
17,618, 0.021214
17,619, 0.021198
17,620, 0.021363
17,621, 0.021208
17,622, 0.021488
17,623, 0.021489
17,624, 0.021643
17,625, 0.021648
17,626, 0.021636
17,627, 0.021921
17,628, 0.021778
17,629, 0.022063
17,630, 0.021926
17,631, 0.022081
17,632, 0.022067
17,633, 0.022203
17,634, 0.022359
17,635, 0.022217
17,636, 0.022491
17,637, 0.022358
17,638, 0.022635
17,639, 0.022638
17,640, 0.022659
17,641, 0.022777
17,642, 0.022781
17,643, 0.023072
17,644, 0.022927
17,645, 0.023086
17,646, 0.022929
17,647, 0.023212
17,648, 0.023215
17,649, 0.023352
17,650, 0.023500
17,651, 0.023371
17,652, 0.023635
17,653, 0.023800
17,654, 0.023773
17,655, 0.023659
17,656, 0.023783
17,657, 0.023924
17,658, 0.023929
17,659, 0.024222
17,660, 0.023945
17,661, 0.024218
17,662, 0.024068
17,663, 0.024363
17,664, 0.024354
17,665, 0.024503
17,666, 0.024650
17,667, 0.024523
17,668, 0.024776
17,669, 0.024657
17,670, 0.024806
17,671, 0.024780
17,672, 0.024931
17,673, 0.025079
17,674, 0.024944
17,675, 0.025348
17,676, 0.025087
17,677, 0.025367
17,678, 0.025223
17,679, 0.025506
17,680, 0.025506
17,681, 0.025529
17,682, 0.025777
17,683, 0.025656
17,684, 0.025930
17,685, 0.025795
17,686, 0.026073
17,687, 0.025954
17,688, 0.026082
17,689, 0.026225
17,690, 0.026218
17,691, 0.026512
17,692, 0.026243
17,693, 0.026772
17,694, 0.026389
17,695, 0.026797
17,696, 0.026799
17,697, 0.026942
17,698, 0.027084
17,699, 0.026940
17,700, 0.027238
17,701, 0.027075
17,702, 0.027366
17,703, 0.027106
17,704, 0.027492
17,705, 0.027397
17,706, 0.027507
17,707, 0.027800
17,708, 0.027650
17,709, 0.027949
17,710, 0.027793
17,711, 0.028091
17,712, 0.027957
17,713, 0.028084
17,714, 0.028237
17,715, 0.028227
17,716, 0.028512
17,717, 0.028247
17,718, 0.028645
17,719, 0.028525
17,720, 0.028662
17,721, 0.028806
17,722, 0.028807
17,723, 0.029091
17,724, 0.028812
17,725, 0.029214
17,726, 0.028967
17,727, 0.029233
17,728, 0.029236
17,729, 0.029379
17,730, 0.029516
17,731, 0.029514
17,732, 0.029806
17,733, 0.029532
17,734, 0.223495
17,735, 0.212325
17,736, 0.029946
17,737, 0.030093
17,738, 0.029969
17,739, 0.250256
17,740, 0.030147
17,741, 0.030505
17,742, 0.030257
17,743, 0.030958
17,744, 0.030535
17,745, 0.030675
17,746, 0.211253
17,747, 0.030734
17,748, 0.031097
17,749, 0.030837
17,750, 0.031104
17,751, 0.031103
17,752, 0.031244
17,753, 0.031394
17,754, 0.031388
17,755, 0.031685
17,756, 0.031403
17,757, 0.031808
17,758, 0.031560
17,759, 0.031823
17,760, 0.031946
17,761, 0.031976
17,762, 0.032114
17,763, 0.032094
17,764, 0.032277
17,765, 0.032100
17,766, 0.032407
17,767, 0.032386
17,768, 0.032538
17,769, 0.032681
17,770, 0.032676
17,771, 0.032976
17,772, 0.032820
17,773, 0.033120
17,774, 0.032833
17,775, 0.033129
17,776, 0.033229
17,777, 0.033400
17,778, 0.033544
17,779, 0.033409
17,780, 0.033683
17,781, 0.033541
17,782, 0.033831
17,783, 0.033696
17,784, 0.033839
17,785, 0.033963
17,786, 0.033970
17,787, 0.034396
17,788, 0.034123
17,789, 0.034412
17,790, 0.034252
17,791, 0.034551
17,792, 0.253045
17,793, 0.034811
17,794, 0.034840
17,795, 0.034834
17,796, 0.035108
17,797, 0.034847
17,798, 0.035121
17,799, 0.035120
17,800, 0.035258
17,801, 0.035406
17,802, 0.035398
17,803, 0.035704
17,804, 0.035542
17,805, 0.035843
17,806, 0.035690
17,807, 0.035979
17,808, 0.035978
17,809, 0.036126
17,810, 0.036277
17,811, 0.036264
17,812, 0.036554
17,813, 0.036407
17,814, 0.036700
17,815, 0.036566
17,816, 0.036824
17,817, 0.036984
17,818, 0.036983
17,819, 0.037287
17,820, 0.037404
17,821, 0.254947
17,822, 0.037212
17,823, 0.037565
17,824, 0.037426
17,825, 0.037560
17,826, 0.037829
17,827, 0.037697
17,828, 0.037994
17,829, 0.037843
17,830, 0.038130
17,831, 0.038122
17,832, 0.038283
17,833, 0.038409
17,834, 0.038288
17,835, 0.038695
17,836, 0.038558
17,837, 0.038844
17,838, 0.038575
17,839, 0.038846
17,840, 0.038982
17,841, 0.039006
17,842, 0.039268
17,843, 0.039272
17,844, 0.039425
17,845, 0.039282
17,846, 0.039566
17,847, 0.039560
17,848, 0.039716
17,849, 0.039852
17,850, 0.039839
17,851, 0.040159
17,852, 0.039975
17,853, 0.040282
17,854, 0.040133
17,855, 0.040430
17,856, 0.040429
17,857, 0.040568
17,858, 0.040711
17,859, 0.040575
17,860, 0.040989
17,861, 0.040851
17,862, 0.041142
17,863, 0.041011
17,864, 0.041139
17,865, 0.041412
17,866, 0.041301
17,867, 0.041702
17,868, 0.041432
17,869, 0.041728
17,870, 0.041573
17,871, 0.041849
17,872, 0.041864
17,873, 0.041994
17,874, 0.042153
17,875, 0.042146
17,876, 0.042426
17,877, 0.042292
17,878, 0.252715
17,879, 0.042597
17,880, 0.042722
17,881, 0.042861
17,882, 0.042856
17,883, 0.043153
17,884, 0.043296
17,885, 0.043283
17,886, 0.043159
17,887, 0.043430
17,888, 0.043441
17,889, 0.043570
17,890, 0.043731
17,891, 0.043708
17,892, 0.044016
17,893, 0.043739
17,894, 0.254750
17,895, 0.043997
17,896, 0.044005
17,897, 0.044152
17,898, 0.044143
17,899, 0.044453
17,900, 0.044284
17,901, 0.044590
17,902, 0.044427
17,903, 0.044735
17,904, 0.044724
17,905, 0.044862
17,906, 0.045014
17,907, 0.044881
17,908, 0.045281
17,909, 0.045019
17,910, 0.045438
17,911, 0.045436
17,912, 0.045586
17,913, 0.045738
17,914, 0.045721
17,915, 0.046033
17,916, 0.216394
17,917, 0.046216
17,918, 0.254005
17,919, 0.046473
17,920, 0.046450
17,921, 0.046591
17,922, 0.052533
17,923, 0.046659
17,924, 0.047016
17,925, 0.046739
17,926, 0.047030
17,927, 0.047012
17,928, 0.047161
17,929, 0.047441
17,930, 0.047310
17,931, 0.047736
17,932, 0.047452
17,933, 0.047883
17,934, 0.047590
17,935, 0.048021
17,936, 0.048022
17,937, 0.048457
17,938, 0.048305
17,939, 0.048164
17,940, 0.048585
17,941, 0.048316
17,942, 0.048735
17,943, 0.048602
17,944, 0.048747
17,945, 0.049013
17,946, 0.048887
17,947, 0.049310
17,948, 0.049037
17,949, 0.049447
17,950, 0.049175
17,951, 0.049602
17,952, 0.049588
17,953, 0.049760
17,954, 0.050015
17,955, 0.049890
17,956, 0.050172
17,957, 0.050028
17,958, 0.050318
17,959, 0.050331
17,960, 0.050448
17,961, 0.050736
17,962, 0.050614
17,963, 0.051032
17,964, 0.050747
17,965, 0.051172
17,966, 0.051037
17,967, 0.051330
17,968, 0.051300
17,969, 0.051466
17,970, 0.051614
17,971, 0.051466
17,972, 0.051891
17,973, 0.051738
17,974, 0.052044
17,975, 0.051899
17,976, 0.052173
17,977, 0.052324
17,978, 0.052329
17,979, 0.052741
17,980, 0.052335
17,981, 0.052765
17,982, 0.052594
17,983, 0.052886
17,984, 0.053028
17,985, 0.053049
17,986, 0.053324
17,987, 0.053323
17,988, 0.053621
17,989, 0.053331
17,990, 0.053755
17,991, 0.053755
17,992, 0.257820
17,993, 0.054833
17,994, 0.054350
17,995, 0.054748
17,996, 0.054476
17,997, 0.054909
17,998, 0.054613
17,999, 0.055044
17,1000, 0.055054
17,1001, 0.055329
17,1002, 0.055334
17,1003, 0.055470
17,1004, 0.055624
17,1005, 0.055469
17,1006, 0.055773
17,1007, 0.257847
17,1008, 0.219692
17,1009, 0.056190
17,1010, 0.056192
17,1011, 0.223231
17,1012, 0.056316
17,1013, 0.056777
17,1014, 0.056477
17,1015, 0.056897
17,1016, 0.056916
17,1017, 0.057055
17,1018, 0.057338
17,1019, 0.057062
17,1020, 0.057615
17,1021, 0.057358
17,1022, 0.057625
17,1023, 0.057628
17,1024, 0.057769
17,1025, 0.058057
17,1026, 0.057911
17,1027, 0.058352
17,1028, 0.058048
17,1029, 0.220212
17,1030, 0.058334
17,1031, 0.058634
17,1032, 0.058633
17,1033, 0.059199
17,1034, 0.059075
17,1035, 0.058907
17,1036, 0.059343
17,1037, 0.220524
17,1038, 0.218659
17,1039, 0.059285
17,1040, 0.059646
17,1041, 0.059777
17,1042, 0.059769
17,1043, 0.060210
17,1044, 0.059922
17,1045, 0.060361
17,1046, 0.060065
17,1047, 0.060485
17,1048, 0.060490
17,1049, 0.060640
17,1050, 0.260893
17,1051, 0.060814
17,1052, 0.061202
17,1053, 0.462876
17,1054, 0.061247
17,1055, 0.061350
17,1056, 0.235037
17,1057, 0.231056
17,1058, 0.061621
17,1059, 0.062066
17,1060, 0.218936
17,1061, 0.062049
17,1062, 0.061921
17,1063, 0.062228
17,1064, 0.062361
17,1065, 0.062356
17,1066, 0.062778
17,1067, 0.062647
17,1068, 0.063071
17,1069, 0.062785
17,1070, 0.063097
17,1071, 0.063071
17,1072, 0.063215
17,1073, 0.063499
17,1074, 0.063373
17,1075, 0.063795
17,1076, 0.063506
17,1077, 0.219789
17,1078, 0.063912
17,1079, 0.064212
17,1080, 0.064225
17,1081, 0.064365
17,1082, 0.064655
17,1083, 0.064506
17,1084, 0.064831
17,1085, 0.064770
17,1086, 0.065086
17,1087, 0.065071
17,1088, 0.065241
17,1089, 0.065506
17,1090, 0.065502
17,1091, 0.065946
17,1092, 0.065656
17,1093, 0.066092
17,1094, 0.065807
17,1095, 0.066230
17,1096, 0.066226
17,1097, 0.228877
17,1098, 0.066579
17,1099, 0.239107
17,1100, 0.227417
17,1101, 0.066624
17,1102, 0.067089
17,1103, 0.261618
17,1104, 0.067255
17,1105, 0.067377
17,1106, 0.067365
17,1107, 0.067806
17,1108, 0.067519
17,1109, 0.267520
17,1110, 0.223298
17,1111, 0.068282
17,1112, 0.068105
17,1113, 0.068229
17,1114, 0.068526
17,1115, 0.068378
17,1116, 0.068816
17,1117, 0.068520
17,1118, 0.069094
17,1119, 0.068953
17,1120, 0.069233
17,1121, 0.069402
17,1122, 0.069365
17,1123, 0.069687
17,1124, 0.069383
17,1125, 0.069807
17,1126, 0.069668
17,1127, 0.263451
17,1128, 0.070149
17,1129, 0.070669
17,1130, 0.264459
17,1131, 0.222322
17,1132, 0.070884
17,1133, 0.070541
17,1134, 0.070951
17,1135, 0.261526
17,1136, 0.071062
17,1137, 0.071249
17,1138, 0.071246
17,1139, 0.071817
17,1140, 0.268030
17,1141, 0.220987
17,1142, 0.071525
17,1143, 0.071960
17,1144, 0.072107
17,1145, 0.072243
17,1146, 0.072543
17,1147, 0.227226
17,1148, 0.072824
17,1149, 0.072535
17,1150, 0.072967
17,1151, 0.072829
17,1152, 0.073106
17,1153, 0.073258
17,1154, 0.261046
17,1155, 0.073695
17,1156, 0.073402
17,1157, 0.270834
17,1158, 0.073789
17,1159, 0.074123
17,1160, 0.266314
17,1161, 0.222003
17,1162, 0.074657
17,1163, 0.074391
17,1164, 0.074842
17,1165, 0.074682
17,1166, 0.074971
17,1167, 0.074972
17,1168, 0.261627
17,1169, 0.075411
17,1170, 0.075269
17,1171, 0.075841
17,1172, 0.075544
17,1173, 0.075985
17,1174, 0.075822
17,1175, 0.076265
17,1176, 0.076269
17,1177, 0.261935
17,1178, 0.227587
17,1179, 0.076453
17,1180, 0.077417
17,1181, 0.262027
17,1182, 0.077010
17,1183, 0.271022
17,1184, 0.077193
17,1185, 0.077547
17,1186, 0.077421
17,1187, 0.077852
17,1188, 0.077686
17,1189, 0.078133
17,1190, 0.077837
17,1191, 0.078278
17,1192, 0.078264
17,1193, 0.078429
17,1194, 0.078839
17,1195, 0.266046
17,1196, 0.223258
17,1197, 0.078829
17,1198, 0.079259
17,1199, 0.079285
17,1200, 0.079279
17,1201, 0.268926
17,1202, 0.079571
17,1203, 0.079994
17,1204, 0.269756
17,1205, 0.080334
17,1206, 0.079851
17,1207, 0.080279
17,1208, 0.080416
17,1209, 0.270882
17,1210, 0.080916
17,1211, 0.273103
17,1212, 0.226044
17,1213, 0.080871
17,1214, 0.081276
17,1215, 0.228290
17,1216, 0.081374
17,1217, 0.081560
17,1218, 0.081567
17,1219, 0.082010
17,1220, 0.081709
17,1221, 0.082285
17,1222, 0.082127
17,1223, 0.082434
17,1224, 0.265603
17,1225, 0.082623
17,1226, 0.082997
17,1227, 0.082722
17,1228, 0.083283
17,1229, 0.083001
17,1230, 0.083444
17,1231, 0.083860
17,1232, 0.083573
17,1233, 0.273854
17,1234, 0.083958
17,1235, 0.084303
17,1236, 0.084000
17,1237, 0.084443
17,1238, 0.268708
17,1239, 0.084683
17,1240, 0.084583
17,1241, 0.084709
17,1242, 0.085145
17,1243, 0.084885
17,1244, 0.085426
17,1245, 0.085015
17,1246, 0.085585
17,1247, 0.085438
17,1248, 0.085722
17,1249, 0.267217
17,1250, 0.086025
17,1251, 0.086438
17,1252, 0.086020
17,1253, 0.086587
17,1254, 0.271057
17,1255, 0.269571
17,1256, 0.229397
17,1257, 0.086975
17,1258, 0.087314
17,1259, 0.087141
17,1260, 0.087735
17,1261, 0.087450
17,1262, 0.087882
17,1263, 0.087871
17,1264, 0.088022
17,1265, 0.088312
17,1266, 0.088166
17,1267, 0.088731
17,1268, 0.088459
17,1269, 0.088885
17,1270, 0.088589
17,1271, 0.089157
17,1272, 0.272364
17,1273, 0.089331
17,1274, 0.089602
17,1275, 0.089448
17,1276, 0.089894
17,1277, 0.089586
17,1278, 0.090042
17,1279, 0.089878
17,1280, 0.272233
17,1281, 0.090472
17,1282, 0.271430
17,1283, 0.090969
17,1284, 0.090600
17,1285, 0.091171
17,1286, 0.090888
17,1287, 0.091325
17,1288, 0.091316
17,1289, 0.091459
17,1290, 0.091751
17,1291, 0.091602
17,1292, 0.280693
17,1293, 0.091901
17,1294, 0.092312
17,1295, 0.092184
17,1296, 0.092464
17,1297, 0.092623
17,1298, 0.092613
17,1299, 0.093163
17,1300, 0.092757
17,1301, 0.093465
17,1302, 0.093186
17,1303, 0.093602
17,1304, 0.093626
17,1305, 0.093747
17,1306, 0.094044
17,1307, 0.093898
17,1308, 0.273644
17,1309, 0.094069
17,1310, 0.274585
17,1311, 0.094562
17,1312, 0.094759
17,1313, 0.095053
17,1314, 0.094902
17,1315, 0.095466
17,1316, 0.095182
17,1317, 0.095758
17,1318, 0.095479
17,1319, 0.095904
17,1320, 0.095784
17,1321, 0.275493
17,1322, 0.096377
17,1323, 0.096321
17,1324, 0.096616
17,1325, 0.096336
17,1326, 0.096912
17,1327, 0.096780
17,1328, 0.097194
17,1329, 0.097472
17,1330, 0.097346
17,1331, 0.097766
17,1332, 0.097475
17,1333, 0.098062
17,1334, 0.242531
17,1335, 0.231292
17,1336, 0.098323
17,1337, 0.270781
17,1338, 0.238625
17,1339, 0.098576
17,1340, 0.278817
17,1341, 0.098790
17,1342, 0.099202
17,1343, 0.099198
17,1344, 0.099490
17,1345, 0.099650
17,1346, 0.271587
17,1347, 0.268815
17,1348, 0.239314
17,1349, 0.100353
17,1350, 0.252086
17,1351, 0.100570
17,1352, 0.100636
17,1353, 0.101217
17,1354, 0.101209
17,1355, 0.100914
17,1356, 0.281276
17,1357, 0.101213
17,1358, 0.101636
17,1359, 0.276726
17,1360, 0.102025
17,1361, 0.102074
17,1362, 0.102068
17,1363, 0.102638
17,1364, 0.102216
17,1365, 0.102803
17,1366, 0.102480
17,1367, 0.284048
17,1368, 0.103011
17,1369, 0.103230
17,1370, 0.103514
17,1371, 0.103343
17,1372, 0.103794
17,1373, 0.103495
17,1374, 0.103942
17,1375, 0.103933
17,1376, 0.234583
17,1377, 0.104460
17,1378, 0.235509
17,1379, 0.105102
17,1380, 0.104511
17,1381, 0.105089
17,1382, 0.104794
17,1383, 0.105356
17,1384, 0.105382
17,1385, 0.280048
17,1386, 0.106001
17,1387, 0.105665
17,1388, 0.106216
17,1389, 0.105944
17,1390, 0.106369
17,1391, 0.106242
17,1392, 0.106638
17,1393, 0.278929
17,1394, 0.106866
17,1395, 0.107507
17,1396, 0.107090
17,1397, 0.107646
17,1398, 0.107245
17,1399, 0.237559
17,1400, 0.107929
17,1401, 0.107951
17,1402, 0.108518
17,1403, 0.108363
17,1404, 0.273794
17,1405, 0.108410
17,1406, 0.109099
17,1407, 0.108808
17,1408, 0.109226
17,1409, 0.285001
17,1410, 0.109242
17,1411, 0.276363
17,1412, 0.276973
17,1413, 0.239373
17,1414, 0.109725
17,1415, 0.233216
17,1416, 0.238251
17,1417, 0.110858
17,1418, 0.274039
17,1419, 0.235358
17,1420, 0.111200
17,1421, 0.110951
17,1422, 0.111396
17,1423, 0.277437
17,1424, 0.111634
17,1425, 0.240530
17,1426, 0.111832
17,1427, 0.112394
17,1428, 0.111968
17,1429, 0.248119
17,1430, 0.112280
17,1431, 0.112816
17,1432, 0.112834
17,1433, 0.112959
17,1434, 0.113389
17,1435, 0.113262
17,1436, 0.113813
17,1437, 0.113825
17,1438, 0.113835
17,1439, 0.281517
17,1440, 0.234285
17,1441, 0.114380
17,1442, 0.114248
17,1443, 0.114975
17,1444, 0.277967
17,1445, 0.115109
17,1446, 0.114842
17,1447, 0.115261
17,1448, 0.115370
17,1449, 0.115690
17,1450, 0.115983
17,1451, 0.115826
17,1452, 0.116416
17,1453, 0.115969
17,1454, 0.116569
17,1455, 0.116403
17,1456, 0.116831
17,1457, 0.116972
17,1458, 0.116987
17,1459, 0.117979
17,1460, 0.117129
17,1461, 0.117845
17,1462, 0.117412
17,1463, 0.117829
17,1464, 0.117998
17,1465, 0.118127
17,1466, 0.118550
17,1467, 0.118272
17,1468, 0.118985
17,1469, 0.118559
17,1470, 0.118997
17,1471, 0.118981
17,1472, 0.119265
17,1473, 0.119562
17,1474, 0.119418
17,1475, 0.119997
17,1476, 0.119848
17,1477, 0.120421
17,1478, 0.120259
17,1479, 0.120566
17,1480, 0.120718
17,1481, 0.120852
17,1482, 0.121412
17,1483, 0.121136
17,1484, 0.122152
17,1485, 0.121422
17,1486, 0.122002
17,1487, 0.121846
17,1488, 0.122147
17,1489, 0.122426
17,1490, 0.122292
17,1491, 0.122859
17,1492, 0.122419
17,1493, 0.123146
17,1494, 0.122719
17,1495, 0.123292
17,1496, 0.123439
17,1497, 0.123420
17,1498, 0.123859
17,1499, 0.123578
17,1500, 0.124289
