18,500, 0.041667
18,501, 0.012294
18,502, 0.012188
18,503, 0.012323
18,504, 0.012305
18,505, 0.012349
18,506, 0.012459
18,507, 0.012331
18,508, 0.012599
18,509, 0.012480
18,510, 0.012603
18,511, 0.012751
18,512, 0.012630
18,513, 0.012885
18,514, 0.012759
18,515, 0.012905
18,516, 0.012772
18,517, 0.012897
18,518, 0.013037
18,519, 0.012913
18,520, 0.013038
18,521, 0.013168
18,522, 0.013071
18,523, 0.013312
18,524, 0.013186
18,525, 0.013333
18,526, 0.013330
18,527, 0.013465
18,528, 0.013486
18,529, 0.013471
18,530, 0.013752
18,531, 0.013482
18,532, 0.013755
18,533, 0.013620
18,534, 0.013758
18,535, 0.013894
18,536, 0.013780
18,537, 0.014028
18,538, 0.013921
18,539, 0.014042
18,540, 0.014341
18,541, 0.014186
18,542, 0.014346
18,543, 0.014460
18,544, 0.014369
18,545, 0.014464
18,546, 0.014472
18,547, 0.014629
18,548, 0.014471
18,549, 0.014760
18,550, 0.014596
18,551, 0.014786
18,552, 0.014878
18,553, 0.014796
18,554, 0.014882
18,555, 0.014939
18,556, 0.014882
18,557, 0.015215
18,558, 0.014926
18,559, 0.015181
18,560, 0.015194
18,561, 0.015200
18,562, 0.015334
18,563, 0.015331
18,564, 0.015490
18,565, 0.015338
18,566, 0.015743
18,567, 0.015500
18,568, 0.015622
18,569, 0.015717
18,570, 0.015680
18,571, 0.015718
18,572, 0.015821
18,573, 0.015838
18,574, 0.016120
18,575, 0.015907
18,576, 0.016066
18,577, 0.016048
18,578, 0.016189
18,579, 0.016211
18,580, 0.016195
18,581, 0.016477
18,582, 0.016219
18,583, 0.016602
18,584, 0.016346
18,585, 0.016486
18,586, 0.016567
18,587, 0.016750
18,588, 0.016783
18,589, 0.016836
18,590, 0.016702
18,591, 0.016995
18,592, 0.016769
18,593, 0.017051
18,594, 0.016930
18,595, 0.017190
18,596, 0.017339
18,597, 0.017068
18,598, 0.017484
18,599, 0.017337
18,600, 0.017624
18,601, 0.017420
18,602, 0.017561
18,603, 0.017691
18,604, 0.017576
18,605, 0.017694
18,606, 0.017723
18,607, 0.017683
18,608, 0.018127
18,609, 0.017807
18,610, 0.018053
18,611, 0.018056
18,612, 0.018079
18,613, 0.018197
18,614, 0.018196
18,615, 0.018484
18,616, 0.018219
18,617, 0.018493
18,618, 0.018374
18,619, 0.018462
18,620, 0.018537
18,621, 0.018587
18,622, 0.018665
18,623, 0.018747
18,624, 0.018665
18,625, 0.018897
18,626, 0.018776
18,627, 0.019056
18,628, 0.019202
18,629, 0.019088
18,630, 0.019197
18,631, 0.019207
18,632, 0.019370
18,633, 0.019198
18,634, 0.019498
18,635, 0.019232
18,636, 0.019463
18,637, 0.019526
18,638, 0.019476
18,639, 0.019637
18,640, 0.019767
18,641, 0.019654
18,642, 0.019921
18,643, 0.019774
18,644, 0.020076
18,645, 0.019930
18,646, 0.020069
18,647, 0.020333
18,648, 0.020216
18,649, 0.020491
18,650, 0.020227
18,651, 0.020500
18,652, 0.020485
18,653, 0.020512
18,654, 0.020774
18,655, 0.020515
18,656, 0.020766
18,657, 0.020939
18,658, 0.020786
18,659, 0.021086
18,660, 0.020913
18,661, 0.021209
18,662, 0.021086
18,663, 0.021219
18,664, 0.021345
18,665, 0.021354
18,666, 0.021775
18,667, 0.021384
18,668, 0.021653
18,669, 0.021462
18,670, 0.021689
18,671, 0.021740
18,672, 0.021814
18,673, 0.021776
18,674, 0.021958
18,675, 0.021778
18,676, 0.022217
18,677, 0.021953
18,678, 0.022209
18,679, 0.022210
18,680, 0.022237
18,681, 0.022357
18,682, 0.022358
18,683, 0.022646
18,684, 0.022634
18,685, 0.022810
18,686, 0.022594
18,687, 0.022843
18,688, 0.022753
18,689, 0.022842
18,690, 0.022873
18,691, 0.023129
18,692, 0.022886
18,693, 0.023281
18,694, 0.023062
18,695, 0.023372
18,696, 0.023237
18,697, 0.023370
18,698, 0.023504
18,699, 0.023370
18,700, 0.023651
18,701, 0.023500
18,702, 0.024070
18,703, 0.023596
18,704, 0.023886
18,705, 0.023993
18,706, 0.024007
18,707, 0.024004
18,708, 0.024176
18,709, 0.024127
18,710, 0.024460
18,711, 0.024230
18,712, 0.024510
18,713, 0.024512
18,714, 0.024529
18,715, 0.024646
18,716, 0.024654
18,717, 0.024944
18,718, 0.024790
18,719, 0.025360
18,720, 0.024864
18,721, 0.025044
18,722, 0.025128
18,723, 0.025062
18,724, 0.025239
18,725, 0.025350
18,726, 0.025249
18,727, 0.025621
18,728, 0.025390
18,729, 0.025660
18,730, 0.025527
18,731, 0.025663
18,732, 0.025797
18,733, 0.025798
18,734, 0.026087
18,735, 0.025815
18,736, 0.026375
18,737, 0.025948
18,738, 0.026224
18,739, 0.026242
18,740, 0.026234
18,741, 0.026347
18,742, 0.026526
18,743, 0.026367
18,744, 0.026674
18,745, 0.026520
18,746, 0.026802
18,747, 0.026803
18,748, 0.026832
18,749, 0.027201
18,750, 0.026958
18,751, 0.027243
18,752, 0.027349
18,753, 0.027684
18,754, 0.027109
18,755, 0.027527
18,756, 0.027502
18,757, 0.027678
18,758, 0.027648
18,759, 0.027966
18,760, 0.027650
18,761, 0.028118
18,762, 0.027820
18,763, 0.028094
18,764, 0.028095
18,765, 0.039534
18,766, 0.028403
18,767, 0.028254
18,768, 0.028527
18,769, 0.028389
18,770, 0.028816
18,771, 0.028623
18,772, 0.028999
18,773, 0.029050
18,774, 0.029145
18,775, 0.029052
18,776, 0.029157
18,777, 0.029173
18,778, 0.029310
18,779, 0.029087
18,780, 0.029268
18,781, 0.029235
18,782, 0.029374
18,783, 0.029530
18,784, 0.029457
18,785, 0.030100
18,786, 0.029820
18,787, 0.030177
18,788, 0.029897
18,789, 0.030314
18,790, 0.030185
18,791, 0.030314
18,792, 0.030449
18,793, 0.030476
18,794, 0.030445
18,795, 0.030608
18,796, 0.030883
18,797, 0.030631
18,798, 0.030669
18,799, 0.030827
18,800, 0.031141
18,801, 0.030827
18,802, 0.031198
18,803, 0.030968
18,804, 0.031410
18,805, 0.031282
18,806, 0.031627
18,807, 0.031592
18,808, 0.031635
18,809, 0.031714
18,810, 0.031790
18,811, 0.031718
18,812, 0.031793
18,813, 0.031704
18,814, 0.031936
18,815, 0.032125
18,816, 0.032112
18,817, 0.032116
18,818, 0.032089
18,819, 0.032413
18,820, 0.032120
18,821, 0.032665
18,822, 0.032553
18,823, 0.032821
18,824, 0.032830
18,825, 0.032958
18,826, 0.032976
18,827, 0.033103
18,828, 0.032984
18,829, 0.033241
18,830, 0.033112
18,831, 0.033270
18,832, 0.033123
18,833, 0.033402
18,834, 0.033545
18,835, 0.033530
18,836, 0.033848
18,837, 0.033664
18,838, 0.034123
18,839, 0.033971
18,840, 0.034403
18,841, 0.034264
18,842, 0.034409
18,843, 0.034390
18,844, 0.034547
18,845, 0.034400
18,846, 0.034565
18,847, 0.034405
18,848, 0.034692
18,849, 0.034557
18,850, 0.034688
18,851, 0.034836
18,852, 0.034822
18,853, 0.035129
18,854, 0.034965
18,855, 0.035425
18,856, 0.035223
18,857, 0.035722
18,858, 0.035651
18,859, 0.036151
18,860, 0.035807
18,861, 0.035893
18,862, 0.035777
18,863, 0.036036
18,864, 0.035780
18,865, 0.036047
18,866, 0.035977
18,867, 0.036120
18,868, 0.036269
18,869, 0.036137
18,870, 0.036544
18,871, 0.036275
18,872, 0.036838
18,873, 0.036627
18,874, 0.037258
18,875, 0.037128
18,876, 0.037214
18,877, 0.037059
18,878, 0.037333
18,879, 0.037061
18,880, 0.037352
18,881, 0.037184
18,882, 0.037491
18,883, 0.037425
18,884, 0.037890
18,885, 0.037659
18,886, 0.037694
18,887, 0.038004
18,888, 0.037861
18,889, 0.038251
18,890, 0.038165
18,891, 0.038517
18,892, 0.038473
18,893, 0.038652
18,894, 0.038597
18,895, 0.038681
18,896, 0.038587
18,897, 0.038812
18,898, 0.038602
18,899, 0.038819
18,900, 0.038841
18,901, 0.039147
18,902, 0.039130
18,903, 0.039016
18,904, 0.039402
18,905, 0.039140
18,906, 0.039694
18,907, 0.039574
18,908, 0.039864
18,909, 0.039846
18,910, 0.039994
18,911, 0.039991
18,912, 0.040139
18,913, 0.040005
18,914, 0.040410
18,915, 0.040135
18,916, 0.040304
18,917, 0.040403
18,918, 0.040431
18,919, 0.040718
18,920, 0.040698
18,921, 0.041013
18,922, 0.040717
18,923, 0.041285
18,924, 0.041128
18,925, 0.041454
18,926, 0.041523
18,927, 0.041614
18,928, 0.041676
18,929, 0.041758
18,930, 0.041672
18,931, 0.041896
18,932, 0.041671
18,933, 0.041903
18,934, 0.041860
18,935, 0.041999
18,936, 0.042152
18,937, 0.042130
18,938, 0.042446
18,939, 0.042148
18,940, 0.042719
18,941, 0.042526
18,942, 0.043060
18,943, 0.042947
18,944, 0.043079
18,945, 0.043073
18,946, 0.043217
18,947, 0.043080
18,948, 0.043352
18,949, 0.043080
18,950, 0.043380
18,951, 0.043283
18,952, 0.043442
18,953, 0.043722
18,954, 0.043914
18,955, 0.043962
18,956, 0.043722
18,957, 0.044305
18,958, 0.044492
18,959, 0.044524
18,960, 0.044626
18,961, 0.044674
18,962, 0.044640
18,963, 0.044814
18,964, 0.044764
18,965, 0.044840
18,966, 0.044636
18,967, 0.045127
18,968, 0.045017
18,969, 0.045130
18,970, 0.045192
18,971, 0.045126
18,972, 0.045581
18,973, 0.045291
18,974, 0.045891
18,975, 0.045619
18,976, 0.045990
18,977, 0.046027
18,978, 0.046270
18,979, 0.046187
18,980, 0.046431
18,981, 0.046186
18,982, 0.046542
18,983, 0.046175
18,984, 0.046439
18,985, 0.046442
18,986, 0.046601
18,987, 0.046740
18,988, 0.046734
18,989, 0.047162
18,990, 0.046999
18,991, 0.047454
18,992, 0.047296
18,993, 0.047615
18,994, 0.047723
18,995, 0.047896
18,996, 0.047857
18,997, 0.048043
18,998, 0.047862
18,999, 0.048185
18,1000, 0.047860
18,1001, 0.048198
18,1002, 0.048152
18,1003, 0.048317
18,1004, 0.048457
18,1005, 0.048453
18,1006, 0.048752
18,1007, 0.048465
18,1008, 0.049027
18,1009, 0.048964
18,1010, 0.049370
18,1011, 0.049394
18,1012, 0.049525
18,1013, 0.049399
18,1014, 0.049657
18,1015, 0.049395
18,1016, 0.049806
18,1017, 0.049662
18,1018, 0.049839
18,1019, 0.049729
18,1020, 0.049894
18,1021, 0.050375
18,1022, 0.050122
18,1023, 0.050318
18,1024, 0.050178
18,1025, 0.050878
18,1026, 0.050653
18,1027, 0.051003
18,1028, 0.051060
18,1029, 0.051317
18,1030, 0.051181
18,1031, 0.051283
18,1032, 0.051218
18,1033, 0.051422
18,1034, 0.051221
18,1035, 0.051433
18,1036, 0.051461
18,1037, 0.051611
18,1038, 0.051771
18,1039, 0.051723
18,1040, 0.052181
18,1041, 0.051907
18,1042, 0.052610
18,1043, 0.052210
18,1044, 0.052871
18,1045, 0.052771
18,1046, 0.053286
18,1047, 0.052791
18,1048, 0.053028
18,1049, 0.052773
18,1050, 0.053158
18,1051, 0.052896
18,1052, 0.053333
18,1053, 0.053330
18,1054, 0.053465
18,1055, 0.053625
18,1056, 0.053602
18,1057, 0.054055
18,1058, 0.053604
18,1059, 0.054340
18,1060, 0.053912
18,1061, 0.055048
18,1062, 0.054470
18,1063, 0.055187
18,1064, 0.054624
18,1065, 0.055031
18,1066, 0.054488
18,1067, 0.055173
18,1068, 0.054768
18,1069, 0.055187
18,1070, 0.055188
18,1071, 0.055334
18,1072, 0.055478
18,1073, 0.055478
18,1074, 0.055909
18,1075, 0.055476
18,1076, 0.056195
18,1077, 0.055781
18,1078, 0.056464
18,1079, 0.056216
18,1080, 0.056812
18,1081, 0.056283
18,1082, 0.056757
18,1083, 0.056361
18,1084, 0.056751
18,1085, 0.056473
18,1086, 0.056912
18,1087, 0.056770
18,1088, 0.057056
18,1089, 0.057196
18,1090, 0.057053
18,1091, 0.057486
18,1092, 0.057201
18,1093, 0.057912
18,1094, 0.057497
18,1095, 0.058045
18,1096, 0.057939
18,1097, 0.058567
18,1098, 0.058239
18,1099, 0.058492
18,1100, 0.058195
18,1101, 0.058500
18,1102, 0.058197
18,1103, 0.058633
18,1104, 0.058487
18,1105, 0.058632
18,1106, 0.058920
18,1107, 0.058776
18,1108, 0.059202
18,1109, 0.058919
18,1110, 0.059637
18,1111, 0.059219
18,1112, 0.060191
18,1113, 0.059653
18,1114, 0.060466
18,1115, 0.059805
18,1116, 0.060195
18,1117, 0.059790
18,1118, 0.060340
18,1119, 0.059923
18,1120, 0.060496
18,1121, 0.060496
18,1122, 0.060637
18,1123, 0.060788
18,1124, 0.060778
18,1125, 0.061211
18,1126, 0.060783
18,1127, 0.061646
18,1128, 0.061205
18,1129, 0.061929
18,1130, 0.061773
18,1131, 0.062397
18,1132, 0.061771
18,1133, 0.062211
18,1134, 0.061785
18,1135, 0.062357
18,1136, 0.061929
18,1137, 0.062487
18,1138, 0.062495
18,1139, 0.062645
18,1140, 0.062792
18,1141, 0.062787
18,1142, 0.063220
18,1143, 0.062798
18,1144, 0.063643
18,1145, 0.063073
18,1146, 0.063791
18,1147, 0.063510
18,1148, 0.064153
18,1149, 0.063455
18,1150, 0.064051
18,1151, 0.063528
18,1152, 0.064199
18,1153, 0.063794
18,1154, 0.064222
18,1155, 0.064222
18,1156, 0.064366
18,1157, 0.064510
18,1158, 0.064517
18,1159, 0.064934
18,1160, 0.064649
18,1161, 0.065369
18,1162, 0.064815
18,1163, 0.065904
18,1164, 0.065396
18,1165, 0.065801
18,1166, 0.065381
18,1167, 0.065789
18,1168, 0.065502
18,1169, 0.065943
18,1170, 0.065658
18,1171, 0.066085
18,1172, 0.066086
18,1173, 0.066229
18,1174, 0.066374
18,1175, 0.066381
18,1176, 0.066794
18,1177, 0.066375
18,1178, 0.067092
18,1179, 0.066660
18,1180, 0.067372
18,1181, 0.067233
18,1182, 0.067663
18,1183, 0.067514
18,1184, 0.067815
18,1185, 0.067525
18,1186, 0.067948
18,1187, 0.067662
18,1188, 0.068240
18,1189, 0.068088
18,1190, 0.068382
18,1191, 0.068519
18,1192, 0.068381
18,1193, 0.068952
18,1194, 0.068525
18,1195, 0.069392
18,1196, 0.068666
18,1197, 0.069518
18,1198, 0.069248
18,1199, 0.069662
18,1200, 0.069385
18,1201, 0.069816
18,1202, 0.069383
18,1203, 0.069957
18,1204, 0.069526
18,1205, 0.070109
18,1206, 0.069946
18,1207, 0.070247
18,1208, 0.070385
18,1209, 0.070390
18,1210, 0.070817
18,1211, 0.070505
18,1212, 0.071250
18,1213, 0.070680
18,1214, 0.071533
18,1215, 0.071232
18,1216, 0.071684
18,1217, 0.071250
18,1218, 0.071675
18,1219, 0.071683
18,1220, 0.071819
18,1221, 0.071392
18,1222, 0.071964
18,1223, 0.071820
18,1224, 0.072106
18,1225, 0.072251
18,1226, 0.072109
18,1227, 0.072677
18,1228, 0.072251
18,1229, 0.073111
18,1230, 0.072668
18,1231, 0.073419
18,1232, 0.073098
18,1233, 0.073546
18,1234, 0.073255
18,1235, 0.073681
18,1236, 0.073388
18,1237, 0.073842
18,1238, 0.073536
18,1239, 0.073975
18,1240, 0.073968
18,1241, 0.074116
18,1242, 0.074406
18,1243, 0.074254
18,1244, 0.074841
18,1245, 0.074392
18,1246, 0.075262
18,1247, 0.074687
18,1248, 0.075557
18,1249, 0.075244
18,1250, 0.075703
18,1251, 0.075395
18,1252, 0.075842
18,1253, 0.075395
18,1254, 0.075987
18,1255, 0.075549
18,1256, 0.076122
18,1257, 0.075983
18,1258, 0.076268
18,1259, 0.076405
18,1260, 0.076410
18,1261, 0.076957
18,1262, 0.076580
18,1263, 0.077379
18,1264, 0.076708
18,1265, 0.077696
18,1266, 0.077260
18,1267, 0.077850
18,1268, 0.077412
18,1269, 0.077972
18,1270, 0.077427
18,1271, 0.078115
18,1272, 0.077702
18,1273, 0.078268
18,1274, 0.078135
18,1275, 0.078411
18,1276, 0.078561
18,1277, 0.078423
18,1278, 0.078978
18,1279, 0.078559
18,1280, 0.079424
18,1281, 0.078715
18,1282, 0.079544
18,1283, 0.079271
18,1284, 0.079853
18,1285, 0.079423
18,1286, 0.079988
18,1287, 0.079417
18,1288, 0.080135
18,1289, 0.079567
18,1290, 0.080141
18,1291, 0.080125
18,1292, 0.080280
18,1293, 0.080565
18,1294, 0.080425
18,1295, 0.081141
18,1296, 0.080711
18,1297, 0.081563
18,1298, 0.081290
18,1299, 0.081852
18,1300, 0.081431
18,1301, 0.082140
18,1302, 0.081567
18,1303, 0.082149
18,1304, 0.081564
18,1305, 0.082283
18,1306, 0.081994
18,1307, 0.082434
18,1308, 0.082428
18,1309, 0.082572
18,1310, 0.082722
18,1311, 0.082707
18,1312, 0.083288
18,1313, 0.083004
18,1314, 0.083722
18,1315, 0.083017
18,1316, 0.084005
18,1317, 0.083565
18,1318, 0.084146
18,1319, 0.083719
18,1320, 0.084291
18,1321, 0.083725
18,1322, 0.084433
18,1323, 0.084006
18,1324, 0.084438
18,1325, 0.084420
18,1326, 0.084706
18,1327, 0.084853
18,1328, 0.084865
18,1329, 0.085283
18,1330, 0.084991
18,1331, 0.085716
18,1332, 0.085148
18,1333, 0.085990
18,1334, 0.086143
18,1335, 0.086291
18,1336, 0.085856
18,1337, 0.086438
18,1338, 0.085843
18,1339, 0.086443
18,1340, 0.086284
18,1341, 0.086728
18,1342, 0.086569
18,1343, 0.086856
18,1344, 0.087152
18,1345, 0.087012
18,1346, 0.087573
18,1347, 0.087143
18,1348, 0.088008
18,1349, 0.087422
18,1350, 0.088308
18,1351, 0.087995
18,1352, 0.088599
18,1353, 0.088140
18,1354, 0.088740
18,1355, 0.088134
18,1356, 0.088878
18,1357, 0.088440
18,1358, 0.089008
18,1359, 0.089025
18,1360, 0.089144
18,1361, 0.089300
18,1362, 0.089365
18,1363, 0.089804
18,1364, 0.089441
18,1365, 0.090296
18,1366, 0.089571
18,1367, 0.090600
18,1368, 0.090448
18,1369, 0.090739
18,1370, 0.090287
18,1371, 0.091014
18,1372, 0.090305
18,1373, 0.091149
18,1374, 0.090589
18,1375, 0.091308
18,1376, 0.091154
18,1377, 0.091450
18,1378, 0.091735
18,1379, 0.091591
18,1380, 0.092023
18,1381, 0.091594
18,1382, 0.092450
18,1383, 0.091737
18,1384, 0.092882
18,1385, 0.092310
18,1386, 0.093025
18,1387, 0.092461
18,1388, 0.093016
18,1389, 0.092451
18,1390, 0.093308
18,1391, 0.092888
18,1392, 0.093449
18,1393, 0.093312
18,1394, 0.093464
18,1395, 0.093877
18,1396, 0.093609
18,1397, 0.094301
18,1398, 0.093899
18,1399, 0.094724
18,1400, 0.094036
18,1401, 0.095170
18,1402, 0.094600
18,1403, 0.095454
18,1404, 0.094751
18,1405, 0.095459
18,1406, 0.094748
18,1407, 0.095730
18,1408, 0.095318
18,1409, 0.095892
18,1410, 0.095742
18,1411, 0.096035
18,1412, 0.096322
18,1413, 0.096176
18,1414, 0.096615
18,1415, 0.096322
18,1416, 0.097179
18,1417, 0.096320
18,1418, 0.097457
18,1419, 0.096903
18,1420, 0.097612
18,1421, 0.097024
18,1422, 0.097763
18,1423, 0.097042
18,1424, 0.097882
18,1425, 0.097476
18,1426, 0.098030
18,1427, 0.097904
18,1428, 0.098174
18,1429, 0.098481
18,1430, 0.098322
18,1431, 0.098894
18,1432, 0.098475
18,1433, 0.099337
18,1434, 0.098601
18,1435, 0.099759
18,1436, 0.099190
18,1437, 0.099901
18,1438, 0.099330
18,1439, 0.100169
18,1440, 0.099476
18,1441, 0.100338
18,1442, 0.099899
18,1443, 0.100473
18,1444, 0.100475
18,1445, 0.100618
18,1446, 0.101056
18,1447, 0.100763
18,1448, 0.101476
18,1449, 0.101058
18,1450, 0.101913
18,1451, 0.101181
18,1452, 0.102346
18,1453, 0.101746
18,1454, 0.102509
18,1455, 0.101887
18,1456, 0.102640
18,1457, 0.101771
18,1458, 0.102761
18,1459, 0.102346
18,1460, 0.102917
18,1461, 0.102758
18,1462, 0.103062
18,1463, 0.103347
18,1464, 0.103199
18,1465, 0.248976
18,1466, 0.103358
18,1467, 0.104359
18,1468, 0.103477
18,1469, 0.104632
18,1470, 0.103918
18,1471, 0.104904
18,1472, 0.104068
18,1473, 0.105056
18,1474, 0.104201
18,1475, 0.105214
18,1476, 0.104782
18,1477, 0.105335
18,1478, 0.105218
18,1479, 0.105628
18,1480, 0.105640
18,1481, 0.105505
18,1482, 0.106192
18,1483, 0.105644
18,1484, 0.106638
18,1485, 0.105775
18,1486, 0.107136
18,1487, 0.106290
18,1488, 0.107485
18,1489, 0.106945
18,1490, 0.107640
18,1491, 0.106783
18,1492, 0.107792
18,1493, 0.108192
18,1494, 0.108660
18,1495, 0.108525
18,1496, 0.108797
18,1497, 0.109092
18,1498, 0.108961
18,1499, 0.109521
18,1500, 0.109098
