10,500, 0.028085
10,501, 0.022676
10,502, 0.023048
10,503, 0.022985
10,504, 0.023155
10,505, 0.031365
10,506, 0.023283
10,507, 0.023619
10,508, 0.023373
10,509, 0.023728
10,510, 0.023562
10,511, 0.023876
10,512, 0.023877
10,513, 0.023960
10,514, 0.024287
10,515, 0.024234
10,516, 0.024531
10,517, 0.024345
10,518, 0.024667
10,519, 0.024504
10,520, 0.024810
10,521, 0.024791
10,522, 0.024942
10,523, 0.025093
10,524, 0.025075
10,525, 0.025385
10,526, 0.025090
10,527, 0.025508
10,528, 0.025234
10,529, 0.025651
10,530, 0.025658
10,531, 0.025671
10,532, 0.026631
10,533, 0.025951
10,534, 0.026241
10,535, 0.025939
10,536, 0.026516
10,537, 0.026093
10,538, 0.026520
10,539, 0.026516
10,540, 0.026661
10,541, 0.026811
10,542, 0.026806
10,543, 0.027097
10,544, 0.027081
10,545, 0.027377
10,546, 0.027095
10,547, 0.027517
10,548, 0.027521
10,549, 0.027666
10,550, 0.027809
10,551, 0.027790
10,552, 0.028227
10,553, 0.027945
10,554, 0.028244
10,555, 0.027946
10,556, 0.028374
10,557, 0.028372
10,558, 0.028520
10,559, 0.028798
10,560, 0.028676
10,561, 0.029086
10,562, 0.028816
10,563, 0.029234
10,564, 0.028956
10,565, 0.029391
10,566, 0.029228
10,567, 0.029382
10,568, 0.029667
10,569, 0.029519
10,570, 0.029956
10,571, 0.029662
10,572, 0.030096
10,573, 0.029809
10,574, 0.030238
10,575, 0.030238
10,576, 0.030390
10,577, 0.030530
10,578, 0.030519
10,579, 0.030964
10,580, 0.030666
10,581, 0.031100
10,582, 0.030679
10,583, 0.031107
10,584, 0.031089
10,585, 0.031244
10,586, 0.031523
10,587, 0.031389
10,588, 0.031815
10,589, 0.031532
10,590, 0.031958
10,591, 0.031674
10,592, 0.032109
10,593, 0.032092
10,594, 0.032255
10,595, 0.032392
10,596, 0.032384
10,597, 0.032812
10,598, 0.032538
10,599, 0.032974
10,600, 0.032663
10,601, 0.033111
10,602, 0.032960
10,603, 0.033251
10,604, 0.033391
10,605, 0.033388
10,606, 0.033689
10,607, 0.033653
10,608, 0.033848
10,609, 0.033538
10,610, 0.034106
10,611, 0.033975
10,612, 0.034260
10,613, 0.034398
10,614, 0.034400
10,615, 0.034694
10,616, 0.034546
10,617, 0.035109
10,618, 0.034560
10,619, 0.035121
10,620, 0.035114
10,621, 0.035270
10,622, 0.035545
10,623, 0.035415
10,624, 0.035849
10,625, 0.035539
10,626, 0.035985
10,627, 0.035692
10,628, 0.036124
10,629, 0.036119
10,630, 0.036271
10,631, 0.036543
10,632, 0.036406
10,633, 0.036838
10,634, 0.036546
10,635, 0.036978
10,636, 0.036691
10,637, 0.037124
10,638, 0.037111
10,639, 0.037274
10,640, 0.037544
10,641, 0.037409
10,642, 0.037847
10,643, 0.037542
10,644, 0.038132
10,645, 0.037692
10,646, 0.038266
10,647, 0.038125
10,648, 0.038418
10,649, 0.038553
10,650, 0.038548
10,651, 0.038995
10,652, 0.038686
10,653, 0.039128
10,654, 0.038841
10,655, 0.039285
10,656, 0.039124
10,657, 0.039404
10,658, 0.039701
10,659, 0.039561
10,660, 0.039988
10,661, 0.039694
10,662, 0.040135
10,663, 0.039844
10,664, 0.040277
10,665, 0.040270
10,666, 0.040423
10,667, 0.040715
10,668, 0.040554
10,669, 0.041126
10,670, 0.040714
10,671, 0.041270
10,672, 0.040858
10,673, 0.041556
10,674, 0.041282
10,675, 0.041702
10,676, 0.041859
10,677, 0.041839
10,678, 0.042285
10,679, 0.041987
10,680, 0.042434
10,681, 0.042132
10,682, 0.042587
10,683, 0.042549
10,684, 0.042716
10,685, 0.043005
10,686, 0.042856
10,687, 0.043420
10,688, 0.043002
10,689, 0.043572
10,690, 0.043144
10,691, 0.043718
10,692, 0.043570
10,693, 0.043844
10,694, 0.044145
10,695, 0.044014
10,696, 0.044563
10,697, 0.044154
10,698, 0.044706
10,699, 0.044289
10,700, 0.044855
10,701, 0.044724
10,702, 0.045010
10,703, 0.045276
10,704, 0.045154
10,705, 0.045585
10,706, 0.045284
10,707, 0.045860
10,708, 0.045442
10,709, 0.046002
10,710, 0.045868
10,711, 0.046144
10,712, 0.046302
10,713, 0.046286
10,714, 0.046730
10,715, 0.046433
10,716, 0.047019
10,717, 0.046575
10,718, 0.047157
10,719, 0.047017
10,720, 0.047296
10,721, 0.047570
10,722, 0.047448
10,723, 0.048010
10,724, 0.047590
10,725, 0.048155
10,726, 0.047730
10,727, 0.048297
10,728, 0.048164
10,729, 0.048584
10,730, 0.048745
10,731, 0.048722
10,732, 0.049299
10,733, 0.048874
10,734, 0.049452
10,735, 0.049021
10,736, 0.049583
10,737, 0.049458
10,738, 0.049728
10,739, 0.050029
10,740, 0.049874
10,741, 0.050425
10,742, 0.050027
10,743, 0.050595
10,744, 0.050310
10,745, 0.050736
10,746, 0.050730
10,747, 0.051033
10,748, 0.051171
10,749, 0.051158
10,750, 0.051601
10,751, 0.051306
10,752, 0.051883
10,753, 0.051460
10,754, 0.052028
10,755, 0.051885
10,756, 0.052169
10,757, 0.052454
10,758, 0.052326
10,759, 0.052883
10,760, 0.052466
10,761, 0.053033
10,762, 0.052730
10,763, 0.053185
10,764, 0.053034
10,765, 0.053320
10,766, 0.053738
10,767, 0.053613
10,768, 0.054035
10,769, 0.053746
10,770, 0.054308
10,771, 0.053911
10,772, 0.054458
10,773, 0.054322
10,774, 0.054611
10,775, 0.055033
10,776, 0.054747
10,777, 0.055327
10,778, 0.055182
10,779, 0.055620
10,780, 0.055176
10,781, 0.055888
10,782, 0.055756
10,783, 0.055913
10,784, 0.056183
10,785, 0.056170
10,786, 0.056763
10,787, 0.056345
10,788, 0.056896
10,789, 0.056602
10,790, 0.057056
10,791, 0.056907
10,792, 0.057308
10,793, 0.057497
10,794, 0.057468
10,795, 0.058040
10,796, 0.057618
10,797, 0.058197
10,798, 0.057762
10,799, 0.058474
10,800, 0.058341
10,801, 0.058487
10,802, 0.058760
10,803, 0.058762
10,804, 0.059344
10,805, 0.058899
10,806, 0.059493
10,807, 0.059054
10,808, 0.059619
10,809, 0.059627
10,810, 0.059913
10,811, 0.060064
10,812, 0.060042
10,813, 0.060620
10,814, 0.060202
10,815, 0.060774
10,816, 0.060352
10,817, 0.060910
10,818, 0.060917
10,819, 0.061197
10,820, 0.061349
10,821, 0.061347
10,822, 0.061914
10,823, 0.061502
10,824, 0.062198
10,825, 0.061641
10,826, 0.062342
10,827, 0.062347
10,828, 0.062630
10,829, 0.062924
10,830, 0.062798
10,831, 0.063485
10,832, 0.063053
10,833, 0.063640
10,834, 0.063212
10,835, 0.063781
10,836, 0.063653
10,837, 0.063917
10,838, 0.064212
10,839, 0.064072
10,840, 0.064782
10,841, 0.064224
10,842, 0.064929
10,843, 0.064499
10,844, 0.065066
10,845, 0.065065
10,846, 0.065232
10,847, 0.065633
10,848, 0.065504
10,849, 0.066077
10,850, 0.065645
10,851, 0.066360
10,852, 0.065933
10,853, 0.066511
10,854, 0.066371
10,855, 0.066644
10,856, 0.066937
10,857, 0.066940
10,858, 0.067508
10,859, 0.067074
10,860, 0.067790
10,861, 0.067234
10,862, 0.067939
10,863, 0.067796
10,864, 0.068082
10,865, 0.068368
10,866, 0.068234
10,867, 0.068810
10,868, 0.068374
10,869, 0.069073
10,870, 0.068655
10,871, 0.069231
10,872, 0.069233
10,873, 0.069646
10,874, 0.069811
10,875, 0.069667
10,876, 0.070383
10,877, 0.069940
10,878, 0.070671
10,879, 0.070083
10,880, 0.070806
10,881, 0.070809
10,882, 0.070947
10,883, 0.071373
10,884, 0.071239
10,885, 0.071818
10,886, 0.071377
10,887, 0.072092
10,888, 0.071671
10,889, 0.072246
10,890, 0.072095
10,891, 0.072387
10,892, 0.072668
10,893, 0.072665
10,894, 0.073257
10,895, 0.072803
10,896, 0.073529
10,897, 0.072973
10,898, 0.073659
10,899, 0.073533
10,900, 0.073829
10,901, 0.074097
10,902, 0.074099
10,903, 0.074692
10,904, 0.074236
10,905, 0.074968
10,906, 0.074387
10,907, 0.075102
10,908, 0.074972
10,909, 0.075264
10,910, 0.075527
10,911, 0.075535
10,912, 0.076113
10,913, 0.075685
10,914, 0.076396
10,915, 0.075962
10,916, 0.076544
10,917, 0.076409
10,918, 0.076948
10,919, 0.077120
10,920, 0.076980
10,921, 0.077685
10,922, 0.077257
10,923, 0.077983
10,924, 0.077529
10,925, 0.078134
10,926, 0.078098
10,927, 0.078414
10,928, 0.078701
10,929, 0.078678
10,930, 0.079267
10,931, 0.078842
10,932, 0.079415
10,933, 0.078967
10,934, 0.079691
10,935, 0.079558
10,936, 0.079971
10,937, 0.080270
10,938, 0.080129
10,939, 0.080713
10,940, 0.080271
10,941, 0.080982
10,942, 0.080544
10,943, 0.081264
10,944, 0.081140
10,945, 0.081411
10,946, 0.081701
10,947, 0.081569
10,948, 0.082266
10,949, 0.081845
10,950, 0.082421
10,951, 0.081988
10,952, 0.082703
10,953, 0.082703
10,954, 0.082856
10,955, 0.083146
10,956, 0.082991
10,957, 0.083835
10,958, 0.083284
10,959, 0.083999
10,960, 0.083563
10,961, 0.084271
10,962, 0.084146
10,963, 0.084426
10,964, 0.084727
10,965, 0.084838
10,966, 0.085571
10,967, 0.085013
10,968, 0.085711
10,969, 0.085280
10,970, 0.086014
10,971, 0.085851
10,972, 0.086156
10,973, 0.086430
10,974, 0.086291
10,975, 0.087016
10,976, 0.086564
10,977, 0.087292
10,978, 0.086860
10,979, 0.087591
10,980, 0.087428
10,981, 0.087731
10,982, 0.088137
10,983, 0.087870
10,984, 0.088579
10,985, 0.088157
10,986, 0.088864
10,987, 0.088433
10,988, 0.089158
10,989, 0.089018
10,990, 0.089439
10,991, 0.089741
10,992, 0.089590
10,993, 0.090304
10,994, 0.089727
10,995, 0.090447
10,996, 0.090015
10,997, 0.090740
10,998, 0.090580
10,999, 0.091022
10,1000, 0.091311
10,1001, 0.091172
10,1002, 0.092021
10,1003, 0.091584
10,1004, 0.092317
10,1005, 0.091744
10,1006, 0.092455
10,1007, 0.092314
10,1008, 0.092717
10,1009, 0.093037
10,1010, 0.093026
10,1011, 0.093601
10,1012, 0.093162
10,1013, 0.093766
10,1014, 0.093300
10,1015, 0.094040
10,1016, 0.093886
10,1017, 0.094321
10,1018, 0.094595
10,1019, 0.094467
10,1020, 0.095183
10,1021, 0.094737
10,1022, 0.095464
10,1023, 0.094898
10,1024, 0.095740
10,1025, 0.095618
10,1026, 0.095901
10,1027, 0.096316
10,1028, 0.096177
10,1029, 0.096766
10,1030, 0.096316
10,1031, 0.097180
10,1032, 0.096621
10,1033, 0.097329
10,1034, 0.097320
10,1035, 0.097621
10,1036, 0.097900
10,1037, 0.097769
10,1038, 0.098751
10,1039, 0.098184
10,1040, 0.099060
10,1041, 0.098461
10,1042, 0.099200
10,1043, 0.099057
10,1044, 0.099342
10,1045, 0.099752
10,1046, 0.099624
10,1047, 0.100344
10,1048, 0.099765
10,1049, 0.100620
10,1050, 0.100059
10,1051, 0.100893
10,1052, 0.100777
10,1053, 0.101202
10,1054, 0.101489
10,1055, 0.101473
10,1056, 0.102076
10,1057, 0.101613
10,1058, 0.102359
10,1059, 0.101901
10,1060, 0.102644
10,1061, 0.102488
10,1062, 0.102777
10,1063, 0.103197
10,1064, 0.103078
10,1065, 0.103779
10,1066, 0.103342
10,1067, 0.104073
10,1068, 0.103491
10,1069, 0.104215
10,1070, 0.104344
10,1071, 0.104644
10,1072, 0.105059
10,1073, 0.104928
10,1074, 0.105653
10,1075, 0.105073
10,1076, 0.105926
10,1077, 0.105372
10,1078, 0.106203
10,1079, 0.106064
10,1080, 0.106381
10,1081, 0.106777
10,1082, 0.106652
10,1083, 0.107495
10,1084, 0.106934
10,1085, 0.107666
10,1086, 0.107181
10,1087, 0.108084
10,1088, 0.107936
10,1089, 0.108378
10,1090, 0.108655
10,1091, 0.108529
10,1092, 0.109371
10,1093, 0.108816
10,1094, 0.109679
10,1095, 0.108953
10,1096, 0.109798
10,1097, 0.109679
10,1098, 0.110091
10,1099, 0.110400
10,1100, 0.110249
10,1101, 0.111094
10,1102, 0.110536
10,1103, 0.111243
10,1104, 0.110947
10,1105, 0.111669
10,1106, 0.111533
10,1107, 0.111968
10,1108, 0.112252
10,1109, 0.112109
10,1110, 0.112980
10,1111, 0.112387
10,1112, 0.113255
10,1113, 0.112674
10,1114, 0.113401
10,1115, 0.113257
10,1116, 0.113679
10,1117, 0.113988
10,1118, 0.113673
10,1119, 0.114554
10,1120, 0.113964
10,1121, 0.114840
10,1122, 0.114250
10,1123, 0.114974
10,1124, 0.114973
10,1125, 0.115266
10,1126, 0.115697
10,1127, 0.115542
10,1128, 0.116413
10,1129, 0.115842
10,1130, 0.116688
10,1131, 0.116117
10,1132, 0.116978
10,1133, 0.116851
10,1134, 0.117118
10,1135, 0.117553
10,1136, 0.117424
10,1137, 0.118386
10,1138, 0.117863
10,1139, 0.118691
10,1140, 0.118132
10,1141, 0.118995
10,1142, 0.118839
10,1143, 0.119138
10,1144, 0.119559
10,1145, 0.119420
10,1146, 0.120136
10,1147, 0.119705
10,1148, 0.120563
10,1149, 0.119851
10,1150, 0.120851
10,1151, 0.120557
10,1152, 0.120994
10,1153, 0.121292
10,1154, 0.121285
10,1155, 0.122002
10,1156, 0.121566
10,1157, 0.122285
10,1158, 0.121853
10,1159, 0.122719
10,1160, 0.122422
10,1161, 0.122870
10,1162, 0.123287
10,1163, 0.123145
10,1164, 0.123869
10,1165, 0.123421
10,1166, 0.124292
10,1167, 0.123728
10,1168, 0.124570
10,1169, 0.124439
10,1170, 0.125148
10,1171, 0.125149
10,1172, 0.125023
10,1173, 0.125869
10,1174, 0.125288
10,1175, 0.126164
10,1176, 0.125576
10,1177, 0.126448
10,1178, 0.126308
10,1179, 0.126719
10,1180, 0.127035
10,1181, 0.126867
10,1182, 0.127734
10,1183, 0.127151
10,1184, 0.128018
10,1185, 0.127451
10,1186, 0.128306
10,1187, 0.128163
10,1188, 0.128608
10,1189, 0.128879
10,1190, 0.128883
10,1191, 0.129585
10,1192, 0.129177
10,1193, 0.130021
10,1194, 0.129751
10,1195, 0.130307
10,1196, 0.130178
10,1197, 0.130449
10,1198, 0.130898
10,1199, 0.130888
10,1200, 0.131750
10,1201, 0.131298
10,1202, 0.132185
10,1203, 0.131452
10,1204, 0.132330
10,1205, 0.132178
10,1206, 0.132610
10,1207, 0.133036
10,1208, 0.132891
10,1209, 0.133765
10,1210, 0.133181
10,1211, 0.134025
10,1212, 0.133470
10,1213, 0.134319
10,1214, 0.134191
10,1215, 0.134618
10,1216, 0.135036
10,1217, 0.135061
10,1218, 0.135757
10,1219, 0.135049
10,1220, 0.136050
10,1221, 0.135472
10,1222, 0.136337
10,1223, 0.136054
10,1224, 0.136620
10,1225, 0.136899
10,1226, 0.136766
10,1227, 0.137634
10,1228, 0.137061
10,1229, 0.138046
10,1230, 0.137344
10,1231, 0.138344
10,1232, 0.138059
10,1233, 0.138623
10,1234, 0.138912
10,1235, 0.138782
10,1236, 0.139627
10,1237, 0.139077
10,1238, 0.139910
10,1239, 0.139626
10,1240, 0.140222
10,1241, 0.140050
10,1242, 0.140499
10,1243, 0.140923
10,1244, 0.140779
10,1245, 0.141643
10,1246, 0.141067
10,1247, 0.141924
10,1248, 0.141359
10,1249, 0.142208
10,1250, 0.142221
10,1251, 0.142643
10,1252, 0.142917
10,1253, 0.142795
10,1254, 0.143792
10,1255, 0.143074
10,1256, 0.144083
10,1257, 0.143499
10,1258, 0.144371
10,1259, 0.144079
10,1260, 0.144650
10,1261, 0.145082
10,1262, 0.144926
10,1263, 0.145808
10,1264, 0.145225
10,1265, 0.146376
10,1266, 0.145650
10,1267, 0.146513
10,1268, 0.146362
10,1269, 0.146812
10,1270, 0.147358
10,1271, 0.147371
10,1272, 0.148234
10,1273, 0.147523
10,1274, 0.148521
10,1275, 0.147804
10,1276, 0.148671
10,1277, 0.148513
10,1278, 0.148951
10,1279, 0.149388
10,1280, 0.149239
10,1281, 0.150243
10,1282, 0.149521
10,1283, 0.150529
10,1284, 0.149957
10,1285, 0.150822
10,1286, 0.150815
10,1287, 0.151232
10,1288, 0.151401
10,1289, 0.151097
10,1290, 0.152109
10,1291, 0.151534
10,1292, 0.152533
10,1293, 0.151962
10,1294, 0.152828
10,1295, 0.152524
10,1296, 0.152968
10,1297, 0.153405
10,1298, 0.153387
10,1299, 0.154263
10,1300, 0.153542
10,1301, 0.154541
10,1302, 0.153961
10,1303, 0.154839
10,1304, 0.154686
10,1305, 0.155117
10,1306, 0.155541
10,1307, 0.155413
10,1308, 0.156393
10,1309, 0.155691
10,1310, 0.156700
10,1311, 0.155970
10,1312, 0.156989
10,1313, 0.156837
10,1314, 0.157267
10,1315, 0.157696
10,1316, 0.157553
10,1317, 0.158559
10,1318, 0.157851
10,1319, 0.158833
10,1320, 0.158546
10,1321, 0.159141
10,1322, 0.158854
10,1323, 0.159537
10,1324, 0.159995
10,1325, 0.159851
10,1326, 0.160844
10,1327, 0.160135
10,1328, 0.160989
10,1329, 0.160420
10,1330, 0.161434
10,1331, 0.161280
10,1332, 0.161716
10,1333, 0.162136
10,1334, 0.162007
10,1335, 0.162986
10,1336, 0.162153
10,1337, 0.163285
10,1338, 0.162562
10,1339, 0.163862
10,1340, 0.163435
10,1341, 0.163874
10,1342, 0.164284
10,1343, 0.164152
10,1344, 0.165150
10,1345, 0.164443
10,1346, 0.165575
10,1347, 0.164867
10,1348, 0.165725
10,1349, 0.165443
10,1350, 0.166011
10,1351, 0.166437
10,1352, 0.166300
10,1353, 0.167301
10,1354, 0.166589
10,1355, 0.167583
10,1356, 0.166877
10,1357, 0.167871
10,1358, 0.167737
10,1359, 0.168162
10,1360, 0.168739
10,1361, 0.168448
10,1362, 0.169300
10,1363, 0.168746
10,1364, 0.169745
10,1365, 0.169023
10,1366, 0.170024
10,1367, 0.170032
10,1368, 0.170582
10,1369, 0.171164
10,1370, 0.170899
10,1371, 0.172023
10,1372, 0.171350
10,1373, 0.172151
10,1374, 0.171465
10,1375, 0.172740
10,1376, 0.172467
10,1377, 0.172760
10,1378, 0.173185
10,1379, 0.173165
10,1380, 0.174039
10,1381, 0.173328
10,1382, 0.174468
10,1383, 0.173759
10,1384, 0.174752
10,1385, 0.174611
10,1386, 0.175048
10,1387, 0.175475
10,1388, 0.175335
10,1389, 0.176330
10,1390, 0.175620
10,1391, 0.176627
10,1392, 0.176041
10,1393, 0.177047
10,1394, 0.176908
10,1395, 0.177342
10,1396, 0.177774
10,1397, 0.177619
10,1398, 0.178622
10,1399, 0.177774
10,1400, 0.178914
10,1401, 0.178346
10,1402, 0.179347
10,1403, 0.179204
10,1404, 0.179629
10,1405, 0.180063
10,1406, 0.179774
10,1407, 0.180923
10,1408, 0.180204
10,1409, 0.181196
10,1410, 0.180503
10,1411, 0.181494
10,1412, 0.181350
10,1413, 0.181926
10,1414, 0.182206
10,1415, 0.182217
10,1416, 0.183210
10,1417, 0.182505
10,1418, 0.183644
10,1419, 0.182795
10,1420, 0.183783
10,1421, 0.183643
10,1422, 0.184084
10,1423, 0.184502
10,1424, 0.184362
10,1425, 0.185514
10,1426, 0.185068
10,1427, 0.185810
10,1428, 0.185073
10,1429, 0.186088
10,1430, 0.185930
10,1431, 0.186380
10,1432, 0.187067
10,1433, 0.186810
10,1434, 0.187935
10,1435, 0.187236
10,1436, 0.188239
10,1437, 0.187646
10,1438, 0.188672
10,1439, 0.188357
10,1440, 0.188955
10,1441, 0.189374
10,1442, 0.189239
10,1443, 0.190384
10,1444, 0.189667
10,1445, 0.190672
10,1446, 0.190101
10,1447, 0.190952
10,1448, 0.190813
10,1449, 0.191243
10,1450, 0.191674
10,1451, 0.191675
10,1452, 0.192679
10,1453, 0.191962
10,1454, 0.192962
10,1455, 0.192394
10,1456, 0.193394
10,1457, 0.193257
10,1458, 0.194103
10,1459, 0.194250
10,1460, 0.194116
10,1461, 0.195143
10,1462, 0.194389
10,1463, 0.195397
10,1464, 0.194822
10,1465, 0.195834
10,1466, 0.195692
10,1467, 0.196103
10,1468, 0.196702
10,1469, 0.196543
10,1470, 0.197406
10,1471, 0.196695
10,1472, 0.197832
10,1473, 0.197130
10,1474, 0.198119
10,1475, 0.197979
10,1476, 0.198410
10,1477, 0.198847
10,1478, 0.198689
10,1479, 0.199845
10,1480, 0.198992
10,1481, 0.200122
10,1482, 0.199417
10,1483, 0.200425
10,1484, 0.200396
10,1485, 0.200998
10,1486, 0.201422
10,1487, 0.201275
10,1488, 0.202277
10,1489, 0.201563
10,1490, 0.202717
10,1491, 0.202134
10,1492, 0.203141
10,1493, 0.202858
10,1494, 0.203434
10,1495, 0.203858
10,1496, 0.203860
10,1497, 0.204861
10,1498, 0.204148
10,1499, 0.205141
10,1500, 0.204429
