29,500, 0.026786
29,501, 0.218757
29,502, 0.216212
29,503, 0.216030
29,504, 0.008266
29,505, 0.213622
29,506, 0.008296
29,507, 0.215914
29,508, 0.215917
29,509, 0.215899
29,510, 0.206852
29,511, 0.223454
29,512, 0.008465
29,513, 0.008737
29,514, 0.008466
29,515, 0.008743
29,516, 0.008604
29,517, 0.008734
29,518, 0.008735
29,519, 0.008877
29,520, 0.008885
29,521, 0.008887
29,522, 0.008896
29,523, 0.008878
29,524, 0.009034
29,525, 0.008879
29,526, 0.214939
29,527, 0.008979
29,528, 0.009317
29,529, 0.009170
29,530, 0.216524
29,531, 0.216174
29,532, 0.009270
29,533, 0.009317
29,534, 0.014950
29,535, 0.214475
29,536, 0.009400
29,537, 0.214388
29,538, 0.222314
29,539, 0.217619
29,540, 0.216216
29,541, 0.215596
29,542, 0.218642
29,543, 0.217435
29,544, 0.216364
29,545, 0.215720
29,546, 0.218858
29,547, 0.220123
29,548, 0.219884
29,549, 0.219753
29,550, 0.217681
29,551, 0.011396
29,552, 0.010026
29,553, 0.009888
29,554, 0.010041
29,555, 0.214387
29,556, 0.010111
29,557, 0.213776
29,558, 0.215572
29,559, 0.218267
29,560, 0.010241
29,561, 0.219828
29,562, 0.219170
29,563, 0.219035
29,564, 0.213774
29,565, 0.218137
29,566, 0.220092
29,567, 0.219926
29,568, 0.219679
29,569, 0.010650
29,570, 0.215522
29,571, 0.218182
29,572, 0.214042
29,573, 0.218509
29,574, 0.010674
29,575, 0.217755
29,576, 0.219197
29,577, 0.217671
29,578, 0.218685
29,579, 0.220003
29,580, 0.011102
29,581, 0.217065
29,582, 0.219326
29,583, 0.220043
29,584, 0.219936
29,585, 0.220043
29,586, 0.219946
29,587, 0.220037
29,588, 0.220306
29,589, 0.219923
29,590, 0.220606
29,591, 0.219373
29,592, 0.219856
29,593, 0.220118
29,594, 0.220070
29,595, 0.220505
29,596, 0.220105
29,597, 0.223222
29,598, 0.220157
29,599, 0.011809
29,600, 0.221452
29,601, 0.218786
29,602, 0.011638
29,603, 0.218189
29,604, 0.218422
29,605, 0.011809
29,606, 0.220145
29,607, 0.011935
29,608, 0.222032
29,609, 0.011935
29,610, 0.218205
29,611, 0.011886
29,612, 0.219842
29,613, 0.012101
29,614, 0.220023
29,615, 0.219902
29,616, 0.220064
29,617, 0.219934
29,618, 0.220066
29,619, 0.220059
29,620, 0.220893
29,621, 0.219095
29,622, 0.221219
29,623, 0.220090
29,624, 0.012527
29,625, 0.217641
29,626, 0.221381
29,627, 0.012851
29,628, 0.217791
29,629, 0.012854
29,630, 0.222074
29,631, 0.214923
29,632, 0.223298
29,633, 0.012917
29,634, 0.217988
29,635, 0.012960
29,636, 0.015456
29,637, 0.219622
29,638, 0.013218
29,639, 0.013033
29,640, 0.217759
29,641, 0.220809
29,642, 0.013297
29,643, 0.013318
29,644, 0.216520
29,645, 0.013566
29,646, 0.219310
29,647, 0.219916
29,648, 0.220465
29,649, 0.219667
29,650, 0.220053
29,651, 0.220334
29,652, 0.219661
29,653, 0.221647
29,654, 0.013718
29,655, 0.220558
29,656, 0.013825
29,657, 0.013911
29,658, 0.013895
29,659, 0.218437
29,660, 0.245061
29,661, 0.208596
29,662, 0.222323
29,663, 0.219131
29,664, 0.014387
29,665, 0.014060
29,666, 0.014326
29,667, 0.014183
29,668, 0.014345
29,669, 0.248046
29,670, 0.221004
29,671, 0.219927
29,672, 0.221560
29,673, 0.218986
29,674, 0.220057
29,675, 0.014739
29,676, 0.019225
29,677, 0.014885
29,678, 0.218577
29,679, 0.220065
29,680, 0.210958
29,681, 0.223804
29,682, 0.014848
29,683, 0.015046
29,684, 0.021046
29,685, 0.015081
29,686, 0.219071
29,687, 0.220054
29,688, 0.224795
29,689, 0.220219
29,690, 0.015419
29,691, 0.015198
29,692, 0.015470
29,693, 0.220875
29,694, 0.016947
29,695, 0.015345
29,696, 0.015622
29,697, 0.220181
29,698, 0.015641
29,699, 0.015617
29,700, 0.221094
29,701, 0.219927
29,702, 0.222713
29,703, 0.225443
29,704, 0.224395
29,705, 0.226449
29,706, 0.224084
29,707, 0.223648
29,708, 0.018943
29,709, 0.016247
29,710, 0.016044
29,711, 0.016336
29,712, 0.224371
29,713, 0.209478
29,714, 0.222354
29,715, 0.223951
29,716, 0.016417
29,717, 0.016338
29,718, 0.016617
29,719, 0.220294
29,720, 0.222410
29,721, 0.225623
29,722, 0.222399
29,723, 0.223955
29,724, 0.210202
29,725, 0.222370
29,726, 0.221610
29,727, 0.220036
29,728, 0.016980
29,729, 0.017184
29,730, 0.016925
29,731, 0.022132
29,732, 0.017132
29,733, 0.019334
29,734, 0.017076
29,735, 0.017629
29,736, 0.017203
29,737, 0.020526
29,738, 0.249127
29,739, 0.222508
29,740, 0.221967
29,741, 0.219814
29,742, 0.017675
29,743, 0.221698
29,744, 0.220260
29,745, 0.222375
29,746, 0.222060
29,747, 0.219780
29,748, 0.222904
29,749, 0.222122
29,750, 0.018288
29,751, 0.018208
29,752, 0.018212
29,753, 0.018189
29,754, 0.223197
29,755, 0.222413
29,756, 0.018306
29,757, 0.018480
29,758, 0.018490
29,759, 0.222549
29,760, 0.224984
29,761, 0.018672
29,762, 0.018489
29,763, 0.020301
29,764, 0.018404
29,765, 0.018916
29,766, 0.249034
29,767, 0.222141
29,768, 0.219702
29,769, 0.217977
29,770, 0.223110
29,771, 0.225017
29,772, 0.224944
29,773, 0.223079
29,774, 0.211686
29,775, 0.229189
29,776, 0.222855
29,777, 0.019243
29,778, 0.019626
29,779, 0.019350
29,780, 0.019635
29,781, 0.246536
29,782, 0.223161
29,783, 0.223652
29,784, 0.213295
29,785, 0.224171
29,786, 0.222826
29,787, 0.222796
29,788, 0.225510
29,789, 0.222657
29,790, 0.208932
29,791, 0.224843
29,792, 0.227203
29,793, 0.226371
29,794, 0.220727
29,795, 0.222901
29,796, 0.220568
29,797, 0.221787
29,798, 0.222218
29,799, 0.215585
29,800, 0.020424
29,801, 0.020506
29,802, 0.020632
29,803, 0.211945
29,804, 0.223033
29,805, 0.221268
29,806, 0.021394
29,807, 0.020784
29,808, 0.021075
29,809, 0.020919
29,810, 0.249070
29,811, 0.211014
29,812, 0.218050
29,813, 0.221133
29,814, 0.226903
29,815, 0.221658
29,816, 0.021245
29,817, 0.021499
29,818, 0.021219
29,819, 0.225187
29,820, 0.223948
29,821, 0.224087
29,822, 0.225457
29,823, 0.224229
29,824, 0.224214
29,825, 0.227692
29,826, 0.209539
29,827, 0.230879
29,828, 0.225172
29,829, 0.223245
29,830, 0.214998
29,831, 0.227405
29,832, 0.225358
29,833, 0.224128
29,834, 0.214324
29,835, 0.215336
29,836, 0.226071
29,837, 0.022386
29,838, 0.022507
29,839, 0.048930
29,840, 0.250892
29,841, 0.226520
29,842, 0.214329
29,843, 0.022991
29,844, 0.022782
29,845, 0.023083
29,846, 0.022786
29,847, 0.023092
29,848, 0.022775
29,849, 0.023222
29,850, 0.022932
29,851, 0.226665
29,852, 0.023062
29,853, 0.023359
29,854, 0.220705
29,855, 0.226688
29,856, 0.228435
29,857, 0.211450
29,858, 0.222739
29,859, 0.224386
29,860, 0.232132
29,861, 0.023455
29,862, 0.023931
29,863, 0.023655
29,864, 0.220853
29,865, 0.250529
29,866, 0.221128
29,867, 0.023995
29,868, 0.024076
29,869, 0.024086
29,870, 0.253270
29,871, 0.024402
29,872, 0.226356
29,873, 0.024517
29,874, 0.048633
29,875, 0.248172
29,876, 0.223130
29,877, 0.231503
29,878, 0.228437
29,879, 0.024915
29,880, 0.024794
29,881, 0.024817
29,882, 0.247031
29,883, 0.221899
29,884, 0.224555
29,885, 0.223467
29,886, 0.025325
29,887, 0.223337
29,888, 0.224217
29,889, 0.223954
29,890, 0.225382
29,891, 0.215844
29,892, 0.222843
29,893, 0.221913
29,894, 0.249275
29,895, 0.225072
29,896, 0.225063
29,897, 0.221951
29,898, 0.226731
29,899, 0.222083
29,900, 0.225089
29,901, 0.227001
29,902, 0.223233
29,903, 0.232987
29,904, 0.227594
29,905, 0.228470
29,906, 0.216768
29,907, 0.223721
29,908, 0.211389
29,909, 0.227859
29,910, 0.228606
29,911, 0.224551
29,912, 0.227279
29,913, 0.223220
29,914, 0.027032
29,915, 0.026661
29,916, 0.222317
29,917, 0.225412
29,918, 0.215946
29,919, 0.223401
29,920, 0.224462
29,921, 0.224995
29,922, 0.226884
29,923, 0.216827
29,924, 0.224474
29,925, 0.227636
29,926, 0.227259
29,927, 0.225654
29,928, 0.222005
29,929, 0.227283
29,930, 0.217616
29,931, 0.217147
29,932, 0.228660
29,933, 0.027965
29,934, 0.027663
29,935, 0.028092
29,936, 0.053813
29,937, 0.255915
29,938, 0.212867
29,939, 0.218229
29,940, 0.224294
29,941, 0.227900
29,942, 0.216491
29,943, 0.231551
29,944, 0.215105
29,945, 0.228921
29,946, 0.226459
29,947, 0.230886
29,948, 0.222682
29,949, 0.213000
29,950, 0.218424
29,951, 0.225027
29,952, 0.224106
29,953, 0.212589
29,954, 0.224952
29,955, 0.227963
29,956, 0.227396
29,957, 0.219806
29,958, 0.224908
29,959, 0.029806
29,960, 0.220548
29,961, 0.228235
29,962, 0.223375
29,963, 0.224092
29,964, 0.224824
29,965, 0.223944
29,966, 0.223337
29,967, 0.232131
29,968, 0.223930
29,969, 0.224214
29,970, 0.231879
29,971, 0.223304
29,972, 0.226022
29,973, 0.234708
29,974, 0.225344
29,975, 0.229119
29,976, 0.230512
29,977, 0.226483
29,978, 0.225718
29,979, 0.214568
29,980, 0.030608
29,981, 0.030811
29,982, 0.030568
29,983, 0.030952
29,984, 0.250593
29,985, 0.220162
29,986, 0.228387
29,987, 0.222790
29,988, 0.215720
29,989, 0.220121
29,990, 0.232572
29,991, 0.031460
29,992, 0.031261
29,993, 0.031525
29,994, 0.031533
29,995, 0.031674
29,996, 0.254758
29,997, 0.227950
29,998, 0.227960
29,999, 0.228876
29,1000, 0.215141
29,1001, 0.228718
29,1002, 0.225489
29,1003, 0.225318
29,1004, 0.228581
29,1005, 0.227331
29,1006, 0.229511
29,1007, 0.032155
29,1008, 0.032383
29,1009, 0.032539
29,1010, 0.251219
29,1011, 0.226393
29,1012, 0.032594
29,1013, 0.226581
29,1014, 0.221979
29,1015, 0.226189
29,1016, 0.257422
29,1017, 0.223075
29,1018, 0.225330
29,1019, 0.219115
29,1020, 0.232523
29,1021, 0.226640
29,1022, 0.229656
29,1023, 0.226404
29,1024, 0.229249
29,1025, 0.228096
29,1026, 0.227958
29,1027, 0.223747
29,1028, 0.224722
29,1029, 0.223297
29,1030, 0.229618
29,1031, 0.219286
29,1032, 0.226406
29,1033, 0.221482
29,1034, 0.219572
29,1035, 0.225950
29,1036, 0.228235
29,1037, 0.217767
29,1038, 0.034329
29,1039, 0.034539
29,1040, 0.034400
29,1041, 0.034698
29,1042, 0.034399
29,1043, 0.234693
29,1044, 0.233251
29,1045, 0.216216
29,1046, 0.231686
29,1047, 0.226101
29,1048, 0.223018
29,1049, 0.229969
29,1050, 0.234424
29,1051, 0.231982
29,1052, 0.227727
29,1053, 0.214255
29,1054, 0.233493
29,1055, 0.228238
29,1056, 0.232406
29,1057, 0.230709
29,1058, 0.233396
29,1059, 0.230563
29,1060, 0.237560
29,1061, 0.230561
29,1062, 0.237430
29,1063, 0.230546
29,1064, 0.237422
29,1065, 0.231811
29,1066, 0.236332
29,1067, 0.227181
29,1068, 0.228113
29,1069, 0.223475
29,1070, 0.228588
29,1071, 0.227950
29,1072, 0.236800
29,1073, 0.221468
29,1074, 0.229784
29,1075, 0.223133
29,1076, 0.222492
29,1077, 0.223241
29,1078, 0.230480
29,1079, 0.227975
29,1080, 0.228129
29,1081, 0.228659
29,1082, 0.229529
29,1083, 0.231591
29,1084, 0.219710
29,1085, 0.233019
29,1086, 0.229512
29,1087, 0.037494
29,1088, 0.037838
29,1089, 0.227271
29,1090, 0.223370
29,1091, 0.235348
29,1092, 0.230252
29,1093, 0.219150
29,1094, 0.231831
29,1095, 0.232128
29,1096, 0.231986
29,1097, 0.038634
29,1098, 0.038122
29,1099, 0.223205
29,1100, 0.216647
29,1101, 0.217590
29,1102, 0.227216
29,1103, 0.223428
29,1104, 0.216419
29,1105, 0.237836
29,1106, 0.231111
29,1107, 0.233564
29,1108, 0.229353
29,1109, 0.232671
29,1110, 0.039368
29,1111, 0.039129
29,1112, 0.039566
29,1113, 0.258771
29,1114, 0.216989
29,1115, 0.255163
29,1116, 0.229567
29,1117, 0.228098
29,1118, 0.231183
29,1119, 0.228750
29,1120, 0.229859
29,1121, 0.234923
29,1122, 0.219890
29,1123, 0.226524
29,1124, 0.219239
29,1125, 0.217115
29,1126, 0.222015
29,1127, 0.225393
29,1128, 0.040405
29,1129, 0.040719
29,1130, 0.040433
29,1131, 0.040985
29,1132, 0.257661
29,1133, 0.258462
29,1134, 0.260071
29,1135, 0.233132
29,1136, 0.216624
29,1137, 0.236069
29,1138, 0.041380
29,1139, 0.041285
29,1140, 0.041712
29,1141, 0.227586
29,1142, 0.229209
29,1143, 0.228590
29,1144, 0.223143
29,1145, 0.041651
29,1146, 0.217483
29,1147, 0.229059
29,1148, 0.229770
29,1149, 0.219120
29,1150, 0.232783
29,1151, 0.231843
29,1152, 0.220917
29,1153, 0.232263
29,1154, 0.222833
29,1155, 0.257927
29,1156, 0.231212
29,1157, 0.233107
29,1158, 0.230867
29,1159, 0.223442
29,1160, 0.233701
29,1161, 0.232385
29,1162, 0.235563
29,1163, 0.043129
29,1164, 0.043147
29,1165, 0.043146
29,1166, 0.043431
29,1167, 0.043152
29,1168, 0.253134
29,1169, 0.235282
29,1170, 0.043866
29,1171, 0.223099
29,1172, 0.043836
29,1173, 0.043709
29,1174, 0.225698
29,1175, 0.230999
29,1176, 0.221687
29,1177, 0.219655
29,1178, 0.223626
29,1179, 0.227328
29,1180, 0.224064
29,1181, 0.223378
29,1182, 0.224634
29,1183, 0.236677
29,1184, 0.240707
29,1185, 0.234411
29,1186, 0.236747
29,1187, 0.226066
29,1188, 0.226099
29,1189, 0.239871
29,1190, 0.221069
29,1191, 0.262957
29,1192, 0.237732
29,1193, 0.241041
29,1194, 0.220821
29,1195, 0.240004
29,1196, 0.220824
29,1197, 0.224614
29,1198, 0.239090
29,1199, 0.234414
29,1200, 0.231096
29,1201, 0.227295
29,1202, 0.239370
29,1203, 0.046177
29,1204, 0.220511
29,1205, 0.225107
29,1206, 0.228271
29,1207, 0.229381
29,1208, 0.222395
29,1209, 0.235347
29,1210, 0.237079
29,1211, 0.234600
29,1212, 0.221844
29,1213, 0.233304
29,1214, 0.238305
29,1215, 0.047109
29,1216, 0.047024
29,1217, 0.047164
29,1218, 0.261735
29,1219, 0.228182
29,1220, 0.221334
29,1221, 0.226715
29,1222, 0.241800
29,1223, 0.230911
29,1224, 0.222211
29,1225, 0.236856
29,1226, 0.232976
29,1227, 0.242210
29,1228, 0.233790
29,1229, 0.227458
29,1230, 0.233556
29,1231, 0.228749
29,1232, 0.048398
29,1233, 0.263421
29,1234, 0.230563
29,1235, 0.048756
29,1236, 0.229559
29,1237, 0.229002
29,1238, 0.235721
29,1239, 0.229720
29,1240, 0.233236
29,1241, 0.229026
29,1242, 0.228300
29,1243, 0.224050
29,1244, 0.221987
29,1245, 0.234472
29,1246, 0.233113
29,1247, 0.049678
29,1248, 0.229976
29,1249, 0.049706
29,1250, 0.049888
29,1251, 0.049596
29,1252, 0.226819
29,1253, 0.237530
29,1254, 0.262386
29,1255, 0.238811
29,1256, 0.220718
29,1257, 0.236961
29,1258, 0.236432
29,1259, 0.231946
29,1260, 0.236896
29,1261, 0.246272
29,1262, 0.237057
29,1263, 0.235961
29,1264, 0.235996
29,1265, 0.236030
29,1266, 0.240417
29,1267, 0.234529
29,1268, 0.241215
29,1269, 0.224474
29,1270, 0.237424
29,1271, 0.224722
29,1272, 0.228184
29,1273, 0.229239
29,1274, 0.225291
29,1275, 0.262094
29,1276, 0.264380
29,1277, 0.051825
29,1278, 0.270126
29,1279, 0.239440
29,1280, 0.229476
29,1281, 0.219952
29,1282, 0.219801
29,1283, 0.229285
29,1284, 0.237796
29,1285, 0.233550
29,1286, 0.232480
29,1287, 0.225279
29,1288, 0.229738
29,1289, 0.052803
29,1290, 0.052889
29,1291, 0.053191
29,1292, 0.257866
29,1293, 0.235895
29,1294, 0.229249
29,1295, 0.233665
29,1296, 0.233148
29,1297, 0.229902
29,1298, 0.233086
29,1299, 0.232947
29,1300, 0.237180
29,1301, 0.228525
29,1302, 0.231021
29,1303, 0.231059
29,1304, 0.054174
29,1305, 0.224094
29,1306, 0.054445
29,1307, 0.054187
29,1308, 0.225370
29,1309, 0.229026
29,1310, 0.054667
29,1311, 0.054341
29,1312, 0.054888
29,1313, 0.054758
29,1314, 0.229154
29,1315, 0.232524
29,1316, 0.229647
29,1317, 0.231548
29,1318, 0.237186
29,1319, 0.230534
29,1320, 0.233035
29,1321, 0.232106
29,1322, 0.225455
29,1323, 0.231556
29,1324, 0.055381
29,1325, 0.056040
29,1326, 0.055626
29,1327, 0.232082
29,1328, 0.224194
29,1329, 0.232905
29,1330, 0.056127
29,1331, 0.056335
29,1332, 0.056486
29,1333, 0.056343
29,1334, 0.056751
29,1335, 0.233005
29,1336, 0.056997
29,1337, 0.056497
29,1338, 0.272124
29,1339, 0.056728
29,1340, 0.270679
29,1341, 0.230237
29,1342, 0.057175
29,1343, 0.057193
29,1344, 0.072639
29,1345, 0.057513
29,1346, 0.057480
29,1347, 0.226018
29,1348, 0.231403
29,1349, 0.220919
29,1350, 0.234880
29,1351, 0.208134
29,1352, 0.226439
29,1353, 0.227634
29,1354, 0.238152
29,1355, 0.247036
29,1356, 0.234813
29,1357, 0.058627
29,1358, 0.235739
29,1359, 0.245773
29,1360, 0.248032
29,1361, 0.229203
29,1362, 0.227808
29,1363, 0.236919
29,1364, 0.236731
29,1365, 0.243955
29,1366, 0.239325
29,1367, 0.059050
29,1368, 0.059494
29,1369, 0.244502
29,1370, 0.231733
29,1371, 0.240966
29,1372, 0.059784
29,1373, 0.059918
29,1374, 0.059778
29,1375, 0.060201
29,1376, 0.059924
29,1377, 0.060484
29,1378, 0.060066
29,1379, 0.060775
29,1380, 0.060071
29,1381, 0.060776
29,1382, 0.060354
29,1383, 0.272313
29,1384, 0.273777
29,1385, 0.230682
29,1386, 0.236644
29,1387, 0.227542
29,1388, 0.240205
29,1389, 0.240003
29,1390, 0.061611
29,1391, 0.263900
29,1392, 0.061805
29,1393, 0.231940
29,1394, 0.227162
29,1395, 0.234014
29,1396, 0.062078
29,1397, 0.061782
29,1398, 0.236486
29,1399, 0.062129
29,1400, 0.062215
29,1401, 0.269243
29,1402, 0.232054
29,1403, 0.229215
29,1404, 0.234531
29,1405, 0.229719
29,1406, 0.236207
29,1407, 0.223995
29,1408, 0.225343
29,1409, 0.240439
29,1410, 0.062836
29,1411, 0.274676
29,1412, 0.235933
29,1413, 0.236084
29,1414, 0.236027
29,1415, 0.063637
29,1416, 0.280346
29,1417, 0.233739
29,1418, 0.244664
29,1419, 0.232000
29,1420, 0.064343
29,1421, 0.228602
29,1422, 0.237902
29,1423, 0.275338
29,1424, 0.233109
29,1425, 0.064376
29,1426, 0.064645
29,1427, 0.241394
29,1428, 0.241276
29,1429, 0.239860
29,1430, 0.234291
29,1431, 0.236277
29,1432, 0.064842
29,1433, 0.065508
29,1434, 0.231995
29,1435, 0.228066
29,1436, 0.065198
29,1437, 0.065792
29,1438, 0.065368
29,1439, 0.070393
29,1440, 0.065626
29,1441, 0.263337
29,1442, 0.236321
29,1443, 0.066028
29,1444, 0.066218
29,1445, 0.237455
29,1446, 0.236511
29,1447, 0.250081
29,1448, 0.225121
29,1449, 0.229671
29,1450, 0.235697
29,1451, 0.066473
29,1452, 0.067077
29,1453, 0.236010
29,1454, 0.233057
29,1455, 0.233653
29,1456, 0.240524
29,1457, 0.067424
29,1458, 0.067363
29,1459, 0.067795
29,1460, 0.232378
29,1461, 0.234998
29,1462, 0.246161
29,1463, 0.255372
29,1464, 0.234902
29,1465, 0.248672
29,1466, 0.249331
29,1467, 0.251215
29,1468, 0.248743
29,1469, 0.068693
29,1470, 0.068536
29,1471, 0.068648
29,1472, 0.233614
29,1473, 0.239915
29,1474, 0.237751
29,1475, 0.229867
29,1476, 0.229503
29,1477, 0.235536
29,1478, 0.271802
29,1479, 0.240612
29,1480, 0.237963
29,1481, 0.069462
29,1482, 0.069810
29,1483, 0.258268
29,1484, 0.226389
29,1485, 0.243211
29,1486, 0.237443
29,1487, 0.238648
29,1488, 0.235956
29,1489, 0.228265
29,1490, 0.232609
29,1491, 0.241197
29,1492, 0.236694
29,1493, 0.236446
29,1494, 0.234002
29,1495, 0.232886
29,1496, 0.250972
29,1497, 0.252192
29,1498, 0.238040
29,1499, 0.230774
29,1500, 0.238899
