19,500, 0.021123
19,501, 0.012442
19,502, 0.012617
19,503, 0.012608
19,504, 0.012626
19,505, 0.012747
19,506, 0.016483
19,507, 0.017208
19,508, 0.012749
19,509, 0.013036
19,510, 0.013037
19,511, 0.013189
19,512, 0.013044
19,513, 0.013056
19,514, 0.013179
19,515, 0.013183
19,516, 0.013331
19,517, 0.013194
19,518, 0.013459
19,519, 0.013334
19,520, 0.013479
19,521, 0.013467
19,522, 0.013618
19,523, 0.013617
19,524, 0.013610
19,525, 0.013768
19,526, 0.013620
19,527, 0.013892
19,528, 0.013758
19,529, 0.013916
19,530, 0.014037
19,531, 0.014040
19,532, 0.014055
19,533, 0.014046
19,534, 0.014196
19,535, 0.014460
19,536, 0.014344
19,537, 0.014329
19,538, 0.014613
19,539, 0.014345
19,540, 0.014615
19,541, 0.014758
19,542, 0.014629
19,543, 0.014901
19,544, 0.014763
19,545, 0.015047
19,546, 0.014772
19,547, 0.015048
19,548, 0.014909
19,549, 0.015182
19,550, 0.015195
19,551, 0.015195
19,552, 0.015341
19,553, 0.015196
19,554, 0.015470
19,555, 0.015331
19,556, 0.015487
19,557, 0.015479
19,558, 0.015616
19,559, 0.015908
19,560, 0.015633
19,561, 0.015902
19,562, 0.015642
19,563, 0.015902
19,564, 0.015765
19,565, 0.016045
19,566, 0.015915
19,567, 0.016055
19,568, 0.016186
19,569, 0.016208
19,570, 0.016342
19,571, 0.016199
19,572, 0.016475
19,573, 0.016341
19,574, 0.016490
19,575, 0.016481
19,576, 0.016510
19,577, 0.016605
19,578, 0.016620
19,579, 0.016796
19,580, 0.016619
19,581, 0.016904
19,582, 0.016895
19,583, 0.017061
19,584, 0.016925
19,585, 0.017054
19,586, 0.017073
19,587, 0.017062
19,588, 0.017317
19,589, 0.017206
19,590, 0.017350
19,591, 0.017320
19,592, 0.017503
19,593, 0.017480
19,594, 0.017626
19,595, 0.017641
19,596, 0.017624
19,597, 0.017797
19,598, 0.017740
19,599, 0.017942
19,600, 0.017759
19,601, 0.018071
19,602, 0.017911
19,603, 0.018076
19,604, 0.018315
19,605, 0.018214
19,606, 0.018353
19,607, 0.018209
19,608, 0.018478
19,609, 0.018348
19,610, 0.018511
19,611, 0.018475
19,612, 0.018628
19,613, 0.018778
19,614, 0.018645
19,615, 0.018910
19,616, 0.018760
19,617, 0.019077
19,618, 0.018789
19,619, 0.019057
19,620, 0.019055
19,621, 0.019217
19,622, 0.019205
19,623, 0.019212
19,624, 0.019478
19,625, 0.019494
19,626, 0.019514
19,627, 0.019352
19,628, 0.019627
19,629, 0.019630
19,630, 0.019651
19,631, 0.019775
19,632, 0.019777
19,633, 0.019946
19,634, 0.019769
19,635, 0.020064
19,636, 0.019917
19,637, 0.020210
19,638, 0.020075
19,639, 0.020212
19,640, 0.020341
19,641, 0.020354
19,642, 0.020510
19,643, 0.020352
19,644, 0.020639
19,645, 0.020494
19,646, 0.020769
19,647, 0.020666
19,648, 0.020925
19,649, 0.021063
19,650, 0.020917
19,651, 0.021090
19,652, 0.021071
19,653, 0.021348
19,654, 0.021211
19,655, 0.021354
19,656, 0.021220
19,657, 0.021502
19,658, 0.021635
19,659, 0.021505
19,660, 0.021797
19,661, 0.021643
19,662, 0.021924
19,663, 0.021790
19,664, 0.021940
19,665, 0.021926
19,666, 0.022202
19,667, 0.022229
19,668, 0.022082
19,669, 0.022361
19,670, 0.022212
19,671, 0.022503
19,672, 0.022353
19,673, 0.022650
19,674, 0.022509
19,675, 0.022654
19,676, 0.022775
19,677, 0.022795
19,678, 0.022947
19,679, 0.022794
19,680, 0.023071
19,681, 0.022930
19,682, 0.023215
19,683, 0.023095
19,684, 0.023215
19,685, 0.023490
19,686, 0.023376
19,687, 0.023530
19,688, 0.023350
19,689, 0.023783
19,690, 0.023512
19,691, 0.023801
19,692, 0.023667
19,693, 0.023793
19,694, 0.023931
19,695, 0.023938
19,696, 0.024216
19,697, 0.024085
19,698, 0.024353
19,699, 0.024094
19,700, 0.024366
19,701, 0.024363
19,702, 0.024503
19,703, 0.024530
19,704, 0.024637
19,705, 0.024945
19,706, 0.024658
19,707, 0.024941
19,708, 0.024666
19,709, 0.024944
19,710, 0.024931
19,711, 0.025085
19,712, 0.025088
19,713, 0.025095
19,714, 0.025356
19,715, 0.025233
19,716, 0.025507
19,717, 0.025365
19,718, 0.025661
19,719, 0.025525
19,720, 0.025656
19,721, 0.025795
19,722, 0.025798
19,723, 0.026086
19,724, 0.025813
19,725, 0.026214
19,726, 0.025952
19,727, 0.026237
19,728, 0.026224
19,729, 0.026380
19,730, 0.026378
19,731, 0.026378
19,732, 0.026653
19,733, 0.026517
19,734, 0.026806
19,735, 0.026657
19,736, 0.026817
19,737, 0.026802
19,738, 0.026951
19,739, 0.027089
19,740, 0.027078
19,741, 0.027426
19,742, 0.027100
19,743, 0.027390
19,744, 0.027370
19,745, 0.027511
19,746, 0.027386
19,747, 0.027654
19,748, 0.027669
19,749, 0.027670
19,750, 0.028089
19,751, 0.027807
19,752, 0.028091
19,753, 0.027951
19,754, 0.028234
19,755, 0.028111
19,756, 0.028382
19,757, 0.028522
19,758, 0.028523
19,759, 0.028813
19,760, 0.028535
19,761, 0.028820
19,762, 0.028653
19,763, 0.028958
19,764, 0.028826
19,765, 0.029078
19,766, 0.029234
19,767, 0.029251
19,768, 0.029391
19,769, 0.029241
19,770, 0.029527
19,771, 0.029381
19,772, 0.029672
19,773, 0.029662
19,774, 0.029685
19,775, 0.029826
19,776, 0.029799
19,777, 0.030114
19,778, 0.029944
19,779, 0.030254
19,780, 0.029956
19,781, 0.030380
19,782, 0.214438
19,783, 0.030428
19,784, 0.213604
19,785, 0.030522
19,786, 0.213511
19,787, 0.030765
19,788, 0.030967
19,789, 0.030817
19,790, 0.030974
19,791, 0.030951
19,792, 0.031108
19,793, 0.031250
19,794, 0.031239
19,795, 0.031538
19,796, 0.031256
19,797, 0.031668
19,798, 0.031397
19,799, 0.031688
19,800, 0.031542
19,801, 0.031806
19,802, 0.031834
19,803, 0.031953
19,804, 0.032125
19,805, 0.031956
19,806, 0.032258
19,807, 0.032098
19,808, 0.032390
19,809, 0.032396
19,810, 0.032540
19,811, 0.032551
19,812, 0.032531
19,813, 0.032841
19,814, 0.032663
19,815, 0.032976
19,816, 0.032816
19,817, 0.033112
19,818, 0.032980
19,819, 0.033250
19,820, 0.033256
19,821, 0.033270
19,822, 0.033531
19,823, 0.033399
19,824, 0.033691
19,825, 0.033532
19,826, 0.033833
19,827, 0.033689
19,828, 0.033833
19,829, 0.034097
19,830, 0.033990
19,831, 0.034257
19,832, 0.034113
19,833, 0.034401
19,834, 0.034244
19,835, 0.034548
19,836, 0.034543
19,837, 0.034687
19,838, 0.034701
19,839, 0.034688
19,840, 0.034983
19,841, 0.034973
19,842, 0.035391
19,843, 0.034985
19,844, 0.035399
19,845, 0.251653
19,846, 0.035494
19,847, 0.035695
19,848, 0.035692
19,849, 0.035979
19,850, 0.035700
19,851, 0.036121
19,852, 0.035836
19,853, 0.036129
19,854, 0.036114
19,855, 0.036266
19,856, 0.036405
19,857, 0.036413
19,858, 0.036562
19,859, 0.036406
19,860, 0.036833
19,861, 0.036567
19,862, 0.036836
19,863, 0.036834
19,864, 0.036983
19,865, 0.037124
19,866, 0.037126
19,867, 0.037417
19,868, 0.037128
19,869, 0.037552
19,870, 0.037274
19,871, 0.037705
19,872, 0.037548
19,873, 0.037704
19,874, 0.037842
19,875, 0.037845
19,876, 0.038128
19,877, 0.037981
19,878, 0.038279
19,879, 0.037990
19,880, 0.038411
19,881, 0.038420
19,882, 0.038415
19,883, 0.038694
19,884, 0.038581
19,885, 0.038969
19,886, 0.038711
19,887, 0.039127
19,888, 0.038853
19,889, 0.039138
19,890, 0.039127
19,891, 0.039282
19,892, 0.039424
19,893, 0.039423
19,894, 0.039695
19,895, 0.039429
19,896, 0.039846
19,897, 0.039564
19,898, 0.039854
19,899, 0.039849
19,900, 0.040128
19,901, 0.040146
19,902, 0.040133
19,903, 0.040429
19,904, 0.040273
19,905, 0.040719
19,906, 0.040424
19,907, 0.040704
19,908, 0.040573
19,909, 0.040850
19,910, 0.040993
19,911, 0.040994
19,912, 0.041290
19,913, 0.041135
19,914, 0.041442
19,915, 0.041137
19,916, 0.041429
19,917, 0.041425
19,918, 0.041571
19,919, 0.041715
19,920, 0.256559
19,921, 0.042186
19,922, 0.041871
19,923, 0.042423
19,924, 0.042142
19,925, 0.042434
19,926, 0.042293
19,927, 0.042578
19,928, 0.042705
19,929, 0.042721
19,930, 0.043006
19,931, 0.042855
19,932, 0.043150
19,933, 0.042866
19,934, 0.043282
19,935, 0.043294
19,936, 0.043432
19,937, 0.043580
19,938, 0.043438
19,939, 0.043862
19,940, 0.043581
19,941, 0.044006
19,942, 0.043728
19,943, 0.254101
19,944, 0.217645
19,945, 0.044205
19,946, 0.044286
19,947, 0.044292
19,948, 0.044721
19,949, 0.044440
19,950, 0.044732
19,951, 0.044578
19,952, 0.044869
19,953, 0.044868
19,954, 0.045019
19,955, 0.045147
19,956, 0.045150
19,957, 0.045449
19,958, 0.045155
19,959, 0.045721
19,960, 0.045320
19,961, 0.045714
19,962, 0.045585
19,963, 0.045869
19,964, 0.046009
19,965, 0.046014
19,966, 0.046309
19,967, 0.046018
19,968, 0.251758
19,969, 0.046272
19,970, 0.220000
19,971, 0.046647
19,972, 0.046735
19,973, 0.046875
19,974, 0.046741
19,975, 0.047158
19,976, 0.046882
19,977, 0.047294
19,978, 0.047017
19,979, 0.047443
19,980, 0.047304
19,981, 0.047591
19,982, 0.047746
19,983, 0.047606
19,984, 0.048011
19,985, 0.047755
19,986, 0.048149
19,987, 0.047888
19,988, 0.048296
19,989, 0.048174
19,990, 0.048443
19,991, 0.048598
19,992, 0.048596
19,993, 0.048885
19,994, 0.048750
19,995, 0.049157
19,996, 0.048886
19,997, 0.049308
19,998, 0.049170
19,999, 0.049453
19,1000, 0.049608
19,1001, 0.049451
19,1002, 0.049877
19,1003, 0.049608
19,1004, 0.050020
19,1005, 0.049754
19,1006, 0.050164
19,1007, 0.050167
19,1008, 0.050186
19,1009, 0.050451
19,1010, 0.050461
19,1011, 0.050885
19,1012, 0.050468
19,1013, 0.050892
19,1014, 0.050594
19,1015, 0.051031
19,1016, 0.050899
19,1017, 0.051178
19,1018, 0.051311
19,1019, 0.051181
19,1020, 0.051605
19,1021, 0.051458
19,1022, 0.051759
19,1023, 0.051599
19,1024, 0.051907
19,1025, 0.051885
19,1026, 0.052034
19,1027, 0.052186
19,1028, 0.052173
19,1029, 0.052607
19,1030, 0.052329
19,1031, 0.052750
19,1032, 0.052465
19,1033, 0.052904
19,1034, 0.052754
19,1035, 0.052901
19,1036, 0.053033
19,1037, 0.053046
19,1038, 0.053464
19,1039, 0.053183
19,1040, 0.053620
19,1041, 0.053323
19,1042, 0.053754
19,1043, 0.053620
19,1044, 0.053888
19,1045, 0.054053
19,1046, 0.053908
19,1047, 0.054327
19,1048, 0.054040
19,1049, 0.054481
19,1050, 0.054193
19,1051, 0.255286
19,1052, 0.221846
19,1053, 0.216865
19,1054, 0.225281
19,1055, 0.055123
19,1056, 0.055475
19,1057, 0.055194
19,1058, 0.055619
19,1059, 0.055338
19,1060, 0.055765
19,1061, 0.055616
19,1062, 0.055775
19,1063, 0.056035
19,1064, 0.055917
19,1065, 0.056337
19,1066, 0.056053
19,1067, 0.056484
19,1068, 0.056193
19,1069, 0.056620
19,1070, 0.056615
19,1071, 0.056778
19,1072, 0.056906
19,1073, 0.056928
19,1074, 0.057323
19,1075, 0.057055
19,1076, 0.057487
19,1077, 0.057199
19,1078, 0.057625
19,1079, 0.057495
19,1080, 0.057758
19,1081, 0.057925
19,1082, 0.057771
19,1083, 0.058221
19,1084, 0.057901
19,1085, 0.058346
19,1086, 0.058051
19,1087, 0.058487
19,1088, 0.058483
19,1089, 0.058642
19,1090, 0.058773
19,1091, 0.058768
19,1092, 0.059202
19,1093, 0.058917
19,1094, 0.059352
19,1095, 0.059067
19,1096, 0.059492
19,1097, 0.059345
19,1098, 0.059623
19,1099, 0.059784
19,1100, 0.059774
19,1101, 0.060082
19,1102, 0.059772
19,1103, 0.060341
19,1104, 0.059937
19,1105, 0.060475
19,1106, 0.060357
19,1107, 0.060506
19,1108, 0.060648
19,1109, 0.060775
19,1110, 0.260697
19,1111, 0.227559
19,1112, 0.061227
19,1113, 0.061069
19,1114, 0.061494
19,1115, 0.061492
19,1116, 0.061660
19,1117, 0.061781
19,1118, 0.061784
19,1119, 0.062212
19,1120, 0.061934
19,1121, 0.062358
19,1122, 0.062070
19,1123, 0.062498
19,1124, 0.062361
19,1125, 0.062523
19,1126, 0.062765
19,1127, 0.062786
19,1128, 0.063093
19,1129, 0.062915
19,1130, 0.063363
19,1131, 0.263298
19,1132, 0.223935
19,1133, 0.063417
19,1134, 0.063504
19,1135, 0.063794
19,1136, 0.063656
19,1137, 0.064085
19,1138, 0.063781
19,1139, 0.064357
19,1140, 0.063948
19,1141, 0.064493
19,1142, 0.064366
19,1143, 0.064651
19,1144, 0.064795
19,1145, 0.064671
19,1146, 0.065079
19,1147, 0.064926
19,1148, 0.228804
19,1149, 0.064945
19,1150, 0.065504
19,1151, 0.065371
19,1152, 0.065530
19,1153, 0.065779
19,1154, 0.065668
19,1155, 0.066084
19,1156, 0.065803
19,1157, 0.066360
19,1158, 0.066088
19,1159, 0.066517
19,1160, 0.066377
19,1161, 0.066649
19,1162, 0.066809
19,1163, 0.066803
19,1164, 0.067100
19,1165, 0.066935
19,1166, 0.067375
19,1167, 0.067090
19,1168, 0.067522
19,1169, 0.067396
19,1170, 0.433879
19,1171, 0.067722
19,1172, 0.067805
19,1173, 0.068242
19,1174, 0.263543
19,1175, 0.222500
19,1176, 0.227633
19,1177, 0.068630
19,1178, 0.068539
19,1179, 0.068790
19,1180, 0.068951
19,1181, 0.068962
19,1182, 0.069376
19,1183, 0.068963
19,1184, 0.225746
19,1185, 0.222739
19,1186, 0.069618
19,1187, 0.069518
19,1188, 0.069807
19,1189, 0.069960
19,1190, 0.271309
19,1191, 0.070308
19,1192, 0.269809
19,1193, 0.070533
19,1194, 0.070240
19,1195, 0.070683
19,1196, 0.070657
19,1197, 0.070825
19,1198, 0.271146
19,1199, 0.070916
19,1200, 0.071379
19,1201, 0.263526
19,1202, 0.071507
19,1203, 0.071248
19,1204, 0.266440
19,1205, 0.071741
19,1206, 0.071819
19,1207, 0.072099
19,1208, 0.261397
19,1209, 0.072496
19,1210, 0.270868
19,1211, 0.072739
19,1212, 0.072253
19,1213, 0.072816
19,1214, 0.072683
19,1215, 0.072846
19,1216, 0.073230
19,1217, 0.072978
19,1218, 0.073541
19,1219, 0.073246
19,1220, 0.073686
19,1221, 0.073406
19,1222, 0.073962
19,1223, 0.073704
19,1224, 0.074092
19,1225, 0.264897
19,1226, 0.074150
19,1227, 0.074697
19,1228, 0.074390
19,1229, 0.270616
19,1230, 0.074451
19,1231, 0.075116
19,1232, 0.074836
19,1233, 0.075264
19,1234, 0.075402
19,1235, 0.075259
19,1236, 0.075832
19,1237, 0.075549
19,1238, 0.075981
19,1239, 0.075688
19,1240, 0.076124
19,1241, 0.075980
19,1242, 0.076260
19,1243, 0.076414
19,1244, 0.076404
19,1245, 0.076846
19,1246, 0.230640
19,1247, 0.077012
19,1248, 0.258274
19,1249, 0.227248
19,1250, 0.077147
19,1251, 0.077279
19,1252, 0.077407
19,1253, 0.077409
19,1254, 0.077990
19,1255, 0.077552
19,1256, 0.078128
19,1257, 0.077839
19,1258, 0.078280
19,1259, 0.078256
19,1260, 0.078422
19,1261, 0.243436
19,1262, 0.078547
19,1263, 0.078994
19,1264, 0.078703
19,1265, 0.079274
19,1266, 0.078840
19,1267, 0.079413
19,1268, 0.079280
19,1269, 0.079565
19,1270, 0.079706
19,1271, 0.234235
19,1272, 0.080148
19,1273, 0.079843
19,1274, 0.080300
19,1275, 0.229935
19,1276, 0.269690
19,1277, 0.080538
19,1278, 0.080710
19,1279, 0.080850
19,1280, 0.080849
19,1281, 0.081435
19,1282, 0.081002
19,1283, 0.081695
19,1284, 0.081294
19,1285, 0.270978
19,1286, 0.081682
19,1287, 0.081850
19,1288, 0.246586
19,1289, 0.081986
19,1290, 0.082439
19,1291, 0.082141
19,1292, 0.082711
19,1293, 0.231835
19,1294, 0.230496
19,1295, 0.082723
19,1296, 0.082999
19,1297, 0.083153
19,1298, 0.237653
19,1299, 0.083610
19,1300, 0.083281
19,1301, 0.083866
19,1302, 0.083439
19,1303, 0.084001
19,1304, 0.083873
19,1305, 0.084137
19,1306, 0.084293
19,1307, 0.084301
19,1308, 0.271937
19,1309, 0.232375
19,1310, 0.084891
19,1311, 0.084590
19,1312, 0.085155
19,1313, 0.085001
19,1314, 0.085284
19,1315, 0.085455
19,1316, 0.085430
19,1317, 0.085881
19,1318, 0.085565
19,1319, 0.233012
19,1320, 0.085829
19,1321, 0.086290
19,1322, 0.086160
19,1323, 0.086439
19,1324, 0.086590
19,1325, 0.086591
19,1326, 0.087147
19,1327, 0.086846
19,1328, 0.087295
19,1329, 0.087011
19,1330, 0.087574
19,1331, 0.087436
19,1332, 0.087570
19,1333, 0.087866
19,1334, 0.087856
19,1335, 0.088299
19,1336, 0.087861
19,1337, 0.088588
19,1338, 0.088146
19,1339, 0.088721
19,1340, 0.088578
19,1341, 0.088866
19,1342, 0.089013
19,1343, 0.089019
19,1344, 0.089432
19,1345, 0.089154
19,1346, 0.089727
19,1347, 0.089301
19,1348, 0.089876
19,1349, 0.089719
19,1350, 0.270097
19,1351, 0.268693
19,1352, 0.090242
19,1353, 0.090723
19,1354, 0.090309
19,1355, 0.090868
19,1356, 0.090452
19,1357, 0.091016
19,1358, 0.090871
19,1359, 0.272670
19,1360, 0.238362
19,1361, 0.091331
19,1362, 0.269176
19,1363, 0.091494
19,1364, 0.092019
19,1365, 0.091727
19,1366, 0.092167
19,1367, 0.092164
19,1368, 0.092316
19,1369, 0.092738
19,1370, 0.092608
19,1371, 0.093154
19,1372, 0.092737
19,1373, 0.093458
19,1374, 0.092888
19,1375, 0.093581
19,1376, 0.093322
19,1377, 0.093744
19,1378, 0.093880
19,1379, 0.093897
19,1380, 0.094301
19,1381, 0.229660
19,1382, 0.094601
19,1383, 0.094168
19,1384, 0.094750
19,1385, 0.094594
19,1386, 0.094884
19,1387, 0.095046
19,1388, 0.095028
19,1389, 0.095464
19,1390, 0.095162
19,1391, 0.095761
19,1392, 0.095311
19,1393, 0.095893
19,1394, 0.095748
19,1395, 0.279971
19,1396, 0.096316
19,1397, 0.096321
19,1398, 0.096753
19,1399, 0.271642
19,1400, 0.096916
19,1401, 0.096608
19,1402, 0.281543
19,1403, 0.097044
19,1404, 0.273317
19,1405, 0.097523
19,1406, 0.097461
19,1407, 0.097917
19,1408, 0.097594
19,1409, 0.098192
19,1410, 0.097754
19,1411, 0.098331
19,1412, 0.098333
19,1413, 0.098744
19,1414, 0.098621
19,1415, 0.098896
19,1416, 0.099337
19,1417, 0.099043
19,1418, 0.273790
19,1419, 0.231648
19,1420, 0.099505
19,1421, 0.279627
19,1422, 0.099683
19,1423, 0.100042
19,1424, 0.278300
19,1425, 0.239121
19,1426, 0.100131
19,1427, 0.274822
19,1428, 0.100333
19,1429, 0.100911
19,1430, 0.100765
19,1431, 0.101178
19,1432, 0.101349
19,1433, 0.101197
19,1434, 0.101765
19,1435, 0.101487
19,1436, 0.272759
19,1437, 0.238657
19,1438, 0.102257
19,1439, 0.102185
19,1440, 0.102474
19,1441, 0.102638
19,1442, 0.102623
19,1443, 0.103198
19,1444, 0.280554
19,1445, 0.103342
19,1446, 0.103052
19,1447, 0.103498
19,1448, 0.103219
19,1449, 0.278023
19,1450, 0.103843
19,1451, 0.103775
19,1452, 0.104209
19,1453, 0.103917
19,1454, 0.104498
19,1455, 0.276282
19,1456, 0.234763
19,1457, 0.240589
19,1458, 0.105035
19,1459, 0.105213
19,1460, 0.105202
19,1461, 0.105796
19,1462, 0.281716
19,1463, 0.105894
19,1464, 0.272705
19,1465, 0.106150
19,1466, 0.105952
19,1467, 0.106345
19,1468, 0.280855
19,1469, 0.106465
19,1470, 0.280210
19,1471, 0.106699
19,1472, 0.286248
19,1473, 0.106953
19,1474, 0.107498
19,1475, 0.107366
19,1476, 0.107638
19,1477, 0.107808
19,1478, 0.107778
19,1479, 0.108227
19,1480, 0.107930
19,1481, 0.274551
19,1482, 0.234973
19,1483, 0.108748
19,1484, 0.275919
19,1485, 0.241210
19,1486, 0.244430
19,1487, 0.109144
19,1488, 0.109655
19,1489, 0.109230
19,1490, 0.109790
19,1491, 0.109516
19,1492, 0.110074
19,1493, 0.109809
19,1494, 0.276721
19,1495, 0.110458
19,1496, 0.110500
19,1497, 0.282745
19,1498, 0.234460
19,1499, 0.259430
19,1500, 0.110721
