12,500, 0.022233
12,501, 0.018788
12,502, 0.019167
12,503, 0.018940
12,504, 0.019262
12,505, 0.019203
12,506, 0.019374
12,507, 0.019490
12,508, 0.019441
12,509, 0.019749
12,510, 0.019508
12,511, 0.019923
12,512, 0.019584
12,513, 0.020015
12,514, 0.019854
12,515, 0.020101
12,516, 0.020178
12,517, 0.020194
12,518, 0.020331
12,519, 0.020322
12,520, 0.020689
12,521, 0.020385
12,522, 0.020921
12,523, 0.020588
12,524, 0.020928
12,525, 0.020659
12,526, 0.021027
12,527, 0.021058
12,528, 0.021210
12,529, 0.021360
12,530, 0.021350
12,531, 0.021645
12,532, 0.021368
12,533, 0.021787
12,534, 0.021495
12,535, 0.021928
12,536, 0.021657
12,537, 0.021932
12,538, 0.021929
12,539, 0.022075
12,540, 0.022217
12,541, 0.022084
12,542, 0.022496
12,543, 0.022219
12,544, 0.022649
12,545, 0.022355
12,546, 0.022789
12,547, 0.022507
12,548, 0.022794
12,549, 0.022784
12,550, 0.022928
12,551, 0.023085
12,552, 0.023059
12,553, 0.023375
12,554, 0.023077
12,555, 0.023512
12,556, 0.023217
12,557, 0.023648
12,558, 0.023364
12,559, 0.023924
12,560, 0.023663
12,561, 0.023932
12,562, 0.024213
12,563, 0.023944
12,564, 0.024359
12,565, 0.024088
12,566, 0.024509
12,567, 0.024099
12,568, 0.024775
12,569, 0.024512
12,570, 0.024806
12,571, 0.024790
12,572, 0.024936
12,573, 0.025080
12,574, 0.025075
12,575, 0.025390
12,576, 0.025086
12,577, 0.025518
12,578, 0.025216
12,579, 0.025661
12,580, 0.025381
12,581, 0.025797
12,582, 0.025666
12,583, 0.025798
12,584, 0.026079
12,585, 0.025950
12,586, 0.026371
12,587, 0.026089
12,588, 0.026525
12,589, 0.026095
12,590, 0.026650
12,591, 0.026373
12,592, 0.026802
12,593, 0.026661
12,594, 0.026806
12,595, 0.026955
12,596, 0.026945
12,597, 0.027236
12,598, 0.027080
12,599, 0.027524
12,600, 0.027099
12,601, 0.027669
12,602, 0.027241
12,603, 0.027653
12,604, 0.027657
12,605, 0.027806
12,606, 0.027952
12,607, 0.027942
12,608, 0.028244
12,609, 0.027946
12,610, 0.028514
12,611, 0.028094
12,612, 0.028542
12,613, 0.028225
12,614, 0.028656
12,615, 0.028657
12,616, 0.028809
12,617, 0.028958
12,618, 0.028943
12,619, 0.029247
12,620, 0.028949
12,621, 0.029516
12,622, 0.029097
12,623, 0.029531
12,624, 0.029252
12,625, 0.029645
12,626, 0.029659
12,627, 0.029810
12,628, 0.029959
12,629, 0.029940
12,630, 0.030260
12,631, 0.029950
12,632, 0.030524
12,633, 0.030090
12,634, 0.030662
12,635, 0.030251
12,636, 0.030810
12,637, 0.030806
12,638, 0.030816
12,639, 0.031102
12,640, 0.031092
12,641, 0.031402
12,642, 0.031099
12,643, 0.031668
12,644, 0.031373
12,645, 0.031818
12,646, 0.031402
12,647, 0.031944
12,648, 0.031826
12,649, 0.031967
12,650, 0.032226
12,651, 0.032115
12,652, 0.032529
12,653, 0.032238
12,654, 0.032697
12,655, 0.032241
12,656, 0.032816
12,657, 0.032524
12,658, 0.032970
12,659, 0.032954
12,660, 0.033107
12,661, 0.033250
12,662, 0.033114
12,663, 0.033664
12,664, 0.033265
12,665, 0.033822
12,666, 0.033393
12,667, 0.033957
12,668, 0.033543
12,669, 0.034101
12,670, 0.033972
12,671, 0.034111
12,672, 0.034383
12,673, 0.034269
12,674, 0.034672
12,675, 0.034392
12,676, 0.034846
12,677, 0.034510
12,678, 0.034986
12,679, 0.034683
12,680, 0.035107
12,681, 0.035102
12,682, 0.035257
12,683, 0.035404
12,684, 0.035393
12,685, 0.035702
12,686, 0.035400
12,687, 0.035958
12,688, 0.035540
12,689, 0.036121
12,690, 0.035696
12,691, 0.036243
12,692, 0.036125
12,693, 0.036388
12,694, 0.036551
12,695, 0.036539
12,696, 0.036974
12,697, 0.127191
12,698, 0.037227
12,699, 0.036688
12,700, 0.037261
12,701, 0.036850
12,702, 0.037524
12,703, 0.037279
12,704, 0.037557
12,705, 0.037813
12,706, 0.037560
12,707, 0.038127
12,708, 0.037828
12,709, 0.038409
12,710, 0.037977
12,711, 0.038549
12,712, 0.038131
12,713, 0.038557
12,714, 0.038543
12,715, 0.038699
12,716, 0.038977
12,717, 0.038848
12,718, 0.039399
12,719, 0.039121
12,720, 0.039568
12,721, 0.039122
12,722, 0.039702
12,723, 0.039405
12,724, 0.039853
12,725, 0.039703
12,726, 0.039972
12,727, 0.040136
12,728, 0.040129
12,729, 0.040553
12,730, 0.040133
12,731, 0.040835
12,732, 0.040286
12,733, 0.040843
12,734, 0.040554
12,735, 0.041001
12,736, 0.040852
12,737, 0.041120
12,738, 0.041280
12,739, 0.041267
12,740, 0.041713
12,741, 0.041397
12,742, 0.041993
12,743, 0.041438
12,744, 0.041986
12,745, 0.041702
12,746, 0.042145
12,747, 0.042124
12,748, 0.042285
12,749, 0.042563
12,750, 0.042421
12,751, 0.042987
12,752, 0.042588
12,753, 0.043130
12,754, 0.042711
12,755, 0.043280
12,756, 0.042992
12,757, 0.043438
12,758, 0.043411
12,759, 0.043579
12,760, 0.043846
12,761, 0.043716
12,762, 0.044154
12,763, 0.043992
12,764, 0.044569
12,765, 0.044010
12,766, 0.044716
12,767, 0.044416
12,768, 0.044858
12,769, 0.044726
12,770, 0.044863
12,771, 0.045140
12,772, 0.045142
12,773, 0.045578
12,774, 0.045158
12,775, 0.045852
12,776, 0.045291
12,777, 0.046001
12,778, 0.045587
12,779, 0.046137
12,780, 0.046008
12,781, 0.046166
12,782, 0.046423
12,783, 0.046293
12,784, 0.046864
12,785, 0.046446
12,786, 0.047011
12,787, 0.046577
12,788, 0.047296
12,789, 0.046865
12,790, 0.047302
12,791, 0.047285
12,792, 0.047452
12,793, 0.047718
12,794, 0.047592
12,795, 0.048149
12,796, 0.047732
12,797, 0.048305
12,798, 0.047862
12,799, 0.048582
12,800, 0.048155
12,801, 0.048598
12,802, 0.048577
12,803, 0.048738
12,804, 0.049018
12,805, 0.048872
12,806, 0.049441
12,807, 0.049020
12,808, 0.049603
12,809, 0.049281
12,810, 0.049882
12,811, 0.049440
12,812, 0.049906
12,813, 0.049994
12,814, 0.050033
12,815, 0.050300
12,816, 0.050169
12,817, 0.050729
12,818, 0.050313
12,819, 0.051024
12,820, 0.050587
12,821, 0.051166
12,822, 0.050884
12,823, 0.051453
12,824, 0.051319
12,825, 0.051588
12,826, 0.051874
12,827, 0.051746
12,828, 0.052311
12,829, 0.051885
12,830, 0.052469
12,831, 0.052022
12,832, 0.052607
12,833, 0.052166
12,834, 0.052743
12,835, 0.052605
12,836, 0.052887
12,837, 0.053173
12,838, 0.053028
12,839, 0.053885
12,840, 0.053191
12,841, 0.053877
12,842, 0.053327
12,843, 0.054023
12,844, 0.053604
12,845, 0.054175
12,846, 0.054044
12,847, 0.054317
12,848, 0.054608
12,849, 0.054343
12,850, 0.054877
12,851, 0.054601
12,852, 0.055198
12,853, 0.054726
12,854, 0.055342
12,855, 0.055022
12,856, 0.055487
12,857, 0.055464
12,858, 0.055606
12,859, 0.055893
12,860, 0.055761
12,861, 0.056326
12,862, 0.056029
12,863, 0.056632
12,864, 0.056048
12,865, 0.056751
12,866, 0.056328
12,867, 0.056895
12,868, 0.056765
12,869, 0.057042
12,870, 0.057325
12,871, 0.057196
12,872, 0.057904
12,873, 0.057471
12,874, 0.058192
12,875, 0.057619
12,876, 0.058342
12,877, 0.057900
12,878, 0.058480
12,879, 0.058329
12,880, 0.058621
12,881, 0.058901
12,882, 0.058771
12,883, 0.059467
12,884, 0.058921
12,885, 0.059626
12,886, 0.059048
12,887, 0.059773
12,888, 0.059335
12,889, 0.059911
12,890, 0.059779
12,891, 0.060045
12,892, 0.060335
12,893, 0.060211
12,894, 0.060772
12,895, 0.060329
12,896, 0.061056
12,897, 0.060482
12,898, 0.061212
12,899, 0.060771
12,900, 0.061346
12,901, 0.061213
12,902, 0.061481
12,903, 0.061764
12,904, 0.061651
12,905, 0.062199
12,906, 0.061774
12,907, 0.062490
12,908, 0.061924
12,909, 0.062631
12,910, 0.062205
12,911, 0.062781
12,912, 0.062767
12,913, 0.063062
12,914, 0.063220
12,915, 0.063079
12,916, 0.063756
12,917, 0.063224
12,918, 0.064052
12,919, 0.063497
12,920, 0.064216
12,921, 0.063775
12,922, 0.064363
12,923, 0.064227
12,924, 0.064631
12,925, 0.064647
12,926, 0.064773
12,927, 0.065220
12,928, 0.064941
12,929, 0.065643
12,930, 0.065068
12,931, 0.065925
12,932, 0.065365
12,933, 0.065936
12,934, 0.065926
12,935, 0.066094
12,936, 0.066351
12,937, 0.066236
12,938, 0.066920
12,939, 0.066371
12,940, 0.067206
12,941, 0.066528
12,942, 0.067351
12,943, 0.066930
12,944, 0.067509
12,945, 0.067384
12,946, 0.067778
12,947, 0.067945
12,948, 0.067810
12,949, 0.068364
12,950, 0.067934
12,951, 0.068669
12,952, 0.068070
12,953, 0.068934
12,954, 0.068379
12,955, 0.068950
12,956, 0.068927
12,957, 0.069223
12,958, 0.069391
12,959, 0.069364
12,960, 0.069951
12,961, 0.069511
12,962, 0.070231
12,963, 0.069659
12,964, 0.070385
12,965, 0.069946
12,966, 0.070648
12,967, 0.070531
12,968, 0.070803
12,969, 0.071096
12,970, 0.070948
12,971, 0.071530
12,972, 0.071093
12,973, 0.071942
12,974, 0.071248
12,975, 0.072235
12,976, 0.071674
12,977, 0.072371
12,978, 0.072246
12,979, 0.072522
12,980, 0.072683
12,981, 0.072659
12,982, 0.073237
12,983, 0.072805
12,984, 0.073532
12,985, 0.072965
12,986, 0.073805
12,987, 0.073252
12,988, 0.073957
12,989, 0.073813
12,990, 0.074111
12,991, 0.074384
12,992, 0.074255
12,993, 0.074827
12,994, 0.074386
12,995, 0.075109
12,996, 0.074538
12,997, 0.075381
12,998, 0.074827
12,999, 0.075535
12,1000, 0.075399
12,1001, 0.075673
12,1002, 0.075974
12,1003, 0.075826
12,1004, 0.076524
12,1005, 0.075984
12,1006, 0.076821
12,1007, 0.076118
12,1008, 0.076975
12,1009, 0.076530
12,1010, 0.077126
12,1011, 0.077103
12,1012, 0.077404
12,1013, 0.077552
12,1014, 0.077670
12,1015, 0.078128
12,1016, 0.077690
12,1017, 0.078552
12,1018, 0.077970
12,1019, 0.078695
12,1020, 0.078264
12,1021, 0.078979
12,1022, 0.078830
12,1023, 0.079115
12,1024, 0.079417
12,1025, 0.079263
12,1026, 0.079978
12,1027, 0.079546
12,1028, 0.080405
12,1029, 0.079570
12,1030, 0.080421
12,1031, 0.079963
12,1032, 0.080692
12,1033, 0.080554
12,1034, 0.080844
12,1035, 0.080995
12,1036, 0.080980
12,1037, 0.081693
12,1038, 0.081141
12,1039, 0.081987
12,1040, 0.081406
12,1041, 0.082133
12,1042, 0.081570
12,1043, 0.082281
12,1044, 0.082124
12,1045, 0.082419
12,1046, 0.082703
12,1047, 0.082690
12,1048, 0.083291
12,1049, 0.082852
12,1050, 0.083574
12,1051, 0.082983
12,1052, 0.083856
12,1053, 0.083280
12,1054, 0.083992
12,1055, 0.083861
12,1056, 0.084271
12,1057, 0.084570
12,1058, 0.084436
12,1059, 0.085140
12,1060, 0.084705
12,1061, 0.085436
12,1062, 0.084852
12,1063, 0.085707
12,1064, 0.085151
12,1065, 0.085859
12,1066, 0.085719
12,1067, 0.086002
12,1068, 0.086414
12,1069, 0.086291
12,1070, 0.086888
12,1071, 0.086411
12,1072, 0.087298
12,1073, 0.086585
12,1074, 0.087434
12,1075, 0.086874
12,1076, 0.087698
12,1077, 0.087581
12,1078, 0.087870
12,1079, 0.088152
12,1080, 0.088003
12,1081, 0.088738
12,1082, 0.088154
12,1083, 0.089021
12,1084, 0.088424
12,1085, 0.089167
12,1086, 0.088715
12,1087, 0.089447
12,1088, 0.089296
12,1089, 0.089590
12,1090, 0.089873
12,1091, 0.089718
12,1092, 0.090461
12,1093, 0.089870
12,1094, 0.090863
12,1095, 0.090163
12,1096, 0.091025
12,1097, 0.090590
12,1098, 0.091314
12,1099, 0.091161
12,1100, 0.091448
12,1101, 0.091785
12,1102, 0.091550
12,1103, 0.092299
12,1104, 0.091879
12,1105, 0.092743
12,1106, 0.092030
12,1107, 0.093018
12,1108, 0.092446
12,1109, 0.093169
12,1110, 0.093030
12,1111, 0.093317
12,1112, 0.093596
12,1113, 0.093469
12,1114, 0.094158
12,1115, 0.093612
12,1116, 0.094593
12,1117, 0.093891
12,1118, 0.094742
12,1119, 0.094309
12,1120, 0.094909
12,1121, 0.094753
12,1122, 0.095027
12,1123, 0.095318
12,1124, 0.095314
12,1125, 0.096034
12,1126, 0.095464
12,1127, 0.096461
12,1128, 0.095622
12,1129, 0.096607
12,1130, 0.096036
12,1131, 0.096751
12,1132, 0.096617
12,1133, 0.097038
12,1134, 0.097191
12,1135, 0.097310
12,1136, 0.097904
12,1137, 0.097326
12,1138, 0.098206
12,1139, 0.097607
12,1140, 0.098613
12,1141, 0.098041
12,1142, 0.098758
12,1143, 0.098625
12,1144, 0.098907
12,1145, 0.099190
12,1146, 0.099048
12,1147, 0.099900
12,1148, 0.099340
12,1149, 0.100194
12,1150, 0.099482
12,1151, 0.100343
12,1152, 0.099897
12,1153, 0.100618
12,1154, 0.100490
12,1155, 0.100762
12,1156, 0.101061
12,1157, 0.100915
12,1158, 0.101756
12,1159, 0.101200
12,1160, 0.102071
12,1161, 0.101330
12,1162, 0.102221
12,1163, 0.101746
12,1164, 0.102365
12,1165, 0.102332
12,1166, 0.102635
12,1167, 0.102916
12,1168, 0.102786
12,1169, 0.103620
12,1170, 0.103061
12,1171, 0.103929
12,1172, 0.103207
12,1173, 0.104199
12,1174, 0.103636
12,1175, 0.104361
12,1176, 0.104348
12,1177, 0.104641
12,1178, 0.104934
12,1179, 0.170482
12,1180, 0.105577
12,1181, 0.105076
12,1182, 0.105930
12,1183, 0.105220
12,1184, 0.106214
12,1185, 0.105639
12,1186, 0.106356
12,1187, 0.106227
12,1188, 0.106624
12,1189, 0.106935
12,1190, 0.106814
12,1191, 0.107495
12,1192, 0.107063
12,1193, 0.107957
12,1194, 0.107206
12,1195, 0.108219
12,1196, 0.107654
12,1197, 0.108363
12,1198, 0.108359
12,1199, 0.108652
12,1200, 0.108945
12,1201, 0.109060
12,1202, 0.109816
12,1203, 0.109234
12,1204, 0.110226
12,1205, 0.109523
12,1206, 0.110539
12,1207, 0.109951
12,1208, 0.110670
12,1209, 0.110520
12,1210, 0.110824
12,1211, 0.111088
12,1212, 0.110948
12,1213, 0.111812
12,1214, 0.111238
12,1215, 0.112097
12,1216, 0.111384
12,1217, 0.112377
12,1218, 0.111820
12,1219, 0.112536
12,1220, 0.112547
12,1221, 0.112676
12,1222, 0.113108
12,1223, 0.112964
12,1224, 0.113689
12,1225, 0.113256
12,1226, 0.114254
12,1227, 0.113547
12,1228, 0.114398
12,1229, 0.113973
12,1230, 0.114687
12,1231, 0.114680
12,1232, 0.114835
12,1233, 0.115262
12,1234, 0.115122
12,1235, 0.115829
12,1236, 0.115258
12,1237, 0.116275
12,1238, 0.115537
12,1239, 0.116413
12,1240, 0.115981
12,1241, 0.116744
12,1242, 0.116496
12,1243, 0.116845
12,1244, 0.117260
12,1245, 0.116985
12,1246, 0.117842
12,1247, 0.117264
12,1248, 0.118279
12,1249, 0.117548
12,1250, 0.118562
12,1251, 0.117984
12,1252, 0.118702
12,1253, 0.118562
12,1254, 0.118844
12,1255, 0.119129
12,1256, 0.119138
12,1257, 0.119849
12,1258, 0.119278
12,1259, 0.120421
12,1260, 0.119705
12,1261, 0.120560
12,1262, 0.119996
12,1263, 0.120845
12,1264, 0.120709
12,1265, 0.120998
12,1266, 0.121431
12,1267, 0.121273
12,1268, 0.122149
12,1269, 0.121427
12,1270, 0.122553
12,1271, 0.121848
12,1272, 0.122867
12,1273, 0.122144
12,1274, 0.122991
12,1275, 0.122870
12,1276, 0.123288
12,1277, 0.123431
12,1278, 0.123442
12,1279, 0.124139
12,1280, 0.123580
12,1281, 0.124725
12,1282, 0.123859
12,1283, 0.124869
12,1284, 0.124295
12,1285, 0.125002
12,1286, 0.125019
12,1287, 0.125291
12,1288, 0.125578
12,1289, 0.125445
12,1290, 0.126299
12,1291, 0.125727
12,1292, 0.126726
12,1293, 0.125878
12,1294, 0.126865
12,1295, 0.126306
12,1296, 0.127165
12,1297, 0.127156
12,1298, 0.127590
12,1299, 0.127882
12,1300, 0.127726
12,1301, 0.128596
12,1302, 0.128025
12,1303, 0.128878
12,1304, 0.128163
12,1305, 0.129170
12,1306, 0.128589
12,1307, 0.129315
12,1308, 0.129308
12,1309, 0.129593
12,1310, 0.129893
12,1311, 0.129590
12,1312, 0.130606
12,1313, 0.129880
12,1314, 0.130890
12,1315, 0.130314
12,1316, 0.131173
12,1317, 0.130463
12,1318, 0.131322
12,1319, 0.131176
12,1320, 0.131605
12,1321, 0.132032
12,1322, 0.131750
12,1323, 0.132610
12,1324, 0.131888
12,1325, 0.133038
12,1326, 0.132319
12,1327, 0.133317
12,1328, 0.132613
12,1329, 0.133467
12,1330, 0.133322
12,1331, 0.133759
12,1332, 0.134185
12,1333, 0.134054
12,1334, 0.134891
12,1335, 0.134333
12,1336, 0.135333
12,1337, 0.134466
12,1338, 0.135595
12,1339, 0.135046
12,1340, 0.135910
12,1341, 0.135762
12,1342, 0.136050
12,1343, 0.136475
12,1344, 0.136332
12,1345, 0.137344
12,1346, 0.136626
12,1347, 0.137629
12,1348, 0.136755
12,1349, 0.137772
12,1350, 0.137195
12,1351, 0.138057
12,1352, 0.137912
12,1353, 0.138201
12,1354, 0.138624
12,1355, 0.138347
12,1356, 0.139352
12,1357, 0.138619
12,1358, 0.139773
12,1359, 0.138924
12,1360, 0.140063
12,1361, 0.139206
12,1362, 0.140203
12,1363, 0.140060
12,1364, 0.140499
12,1365, 0.140773
12,1366, 0.140635
12,1367, 0.141500
12,1368, 0.140782
12,1369, 0.141927
12,1370, 0.141062
12,1371, 0.142211
12,1372, 0.141501
12,1373, 0.142496
12,1374, 0.142224
12,1375, 0.142644
12,1376, 0.143060
12,1377, 0.142937
12,1378, 0.143788
12,1379, 0.143226
12,1380, 0.144222
12,1381, 0.143350
12,1382, 0.144514
12,1383, 0.143790
12,1384, 0.144643
12,1385, 0.144509
12,1386, 0.144932
12,1387, 0.145377
12,1388, 0.145224
12,1389, 0.146083
12,1390, 0.145369
12,1391, 0.146512
12,1392, 0.145658
12,1393, 0.146802
12,1394, 0.146089
12,1395, 0.147083
12,1396, 0.146941
12,1397, 0.147230
12,1398, 0.147662
12,1399, 0.147522
12,1400, 0.148376
12,1401, 0.147815
12,1402, 0.148943
12,1403, 0.147944
12,1404, 0.149223
12,1405, 0.148404
12,1406, 0.149364
12,1407, 0.149258
12,1408, 0.149651
12,1409, 0.150095
12,1410, 0.149959
12,1411, 0.150954
12,1412, 0.150245
12,1413, 0.151381
12,1414, 0.150388
12,1415, 0.151680
12,1416, 0.150951
12,1417, 0.151818
12,1418, 0.151681
12,1419, 0.152105
12,1420, 0.152390
12,1421, 0.152418
12,1422, 0.153248
12,1423, 0.152530
12,1424, 0.153678
12,1425, 0.152835
12,1426, 0.153968
12,1427, 0.153243
12,1428, 0.154118
12,1429, 0.154107
12,1430, 0.154418
12,1431, 0.154830
12,1432, 0.154668
12,1433, 0.155556
12,1434, 0.154976
12,1435, 0.155976
12,1436, 0.155115
12,1437, 0.156263
12,1438, 0.155973
12,1439, 0.156535
12,1440, 0.156409
12,1441, 0.156694
12,1442, 0.157124
12,1443, 0.156983
12,1444, 0.157835
12,1445, 0.157263
12,1446, 0.158413
12,1447, 0.157406
12,1448, 0.158562
12,1449, 0.158127
12,1450, 0.158831
12,1451, 0.158713
12,1452, 0.159124
12,1453, 0.159570
12,1454, 0.159414
12,1455, 0.160417
12,1456, 0.159709
12,1457, 0.161136
12,1458, 0.159987
12,1459, 0.161139
12,1460, 0.160413
12,1461, 0.161438
12,1462, 0.161129
12,1463, 0.161561
12,1464, 0.162006
12,1465, 0.161973
12,1466, 0.162869
12,1467, 0.162143
12,1468, 0.163285
12,1469, 0.162432
12,1470, 0.163572
12,1471, 0.162857
12,1472, 0.163865
12,1473, 0.163708
12,1474, 0.164151
12,1475, 0.164443
12,1476, 0.164562
12,1477, 0.165305
12,1478, 0.164583
12,1479, 0.165724
12,1480, 0.164856
12,1481, 0.166008
12,1482, 0.165303
12,1483, 0.166290
12,1484, 0.166166
12,1485, 0.166584
12,1486, 0.167020
12,1487, 0.166862
12,1488, 0.167733
12,1489, 0.167014
12,1490, 0.168165
12,1491, 0.167299
12,1492, 0.168447
12,1493, 0.167733
12,1494, 0.168736
12,1495, 0.168595
12,1496, 0.169022
12,1497, 0.169463
12,1498, 0.169310
12,1499, 0.170163
12,1500, 0.169451
