11,500, 0.031471
11,501, 0.020220
11,502, 0.020162
11,503, 0.024989
11,504, 0.020298
11,505, 0.020487
11,506, 0.020623
11,507, 0.020560
11,508, 0.020799
11,509, 0.020725
11,510, 0.020899
11,511, 0.021044
11,512, 0.020985
11,513, 0.021198
11,514, 0.021167
11,515, 0.021303
11,516, 0.021455
11,517, 0.021438
11,518, 0.021613
11,519, 0.021603
11,520, 0.021802
11,521, 0.021898
11,522, 0.021844
11,523, 0.022067
11,524, 0.021960
11,525, 0.022162
11,526, 0.022332
11,527, 0.023749
11,528, 0.022482
11,529, 0.022387
11,530, 0.022555
11,531, 0.022678
11,532, 0.022678
11,533, 0.022876
11,534, 0.022839
11,535, 0.023004
11,536, 0.023185
11,537, 0.023103
11,538, 0.023314
11,539, 0.023259
11,540, 0.023426
11,541, 0.023563
11,542, 0.023510
11,543, 0.023766
11,544, 0.023677
11,545, 0.023883
11,546, 0.023983
11,547, 0.023969
11,548, 0.024162
11,549, 0.024153
11,550, 0.024274
11,551, 0.024471
11,552, 0.024412
11,553, 0.024635
11,554, 0.024547
11,555, 0.024739
11,556, 0.024897
11,557, 0.024881
11,558, 0.025086
11,559, 0.025024
11,560, 0.025176
11,561, 0.025372
11,562, 0.025276
11,563, 0.025565
11,564, 0.025459
11,565, 0.025690
11,566, 0.025779
11,567, 0.025817
11,568, 0.025979
11,569, 0.025913
11,570, 0.026104
11,571, 0.026256
11,572, 0.026217
11,573, 0.026489
11,574, 0.026403
11,575, 0.026601
11,576, 0.026744
11,577, 0.026734
11,578, 0.026929
11,579, 0.026885
11,580, 0.027090
11,581, 0.027259
11,582, 0.027161
11,583, 0.027395
11,584, 0.027332
11,585, 0.027523
11,586, 0.027683
11,587, 0.027637
11,588, 0.027869
11,589, 0.027823
11,590, 0.027972
11,591, 0.028161
11,592, 0.028107
11,593, 0.028396
11,594, 0.028310
11,595, 0.028466
11,596, 0.028611
11,597, 0.028593
11,598, 0.028819
11,599, 0.028777
11,600, 0.028936
11,601, 0.029186
11,602, 0.029055
11,603, 0.029336
11,604, 0.029245
11,605, 0.029451
11,606, 0.029603
11,607, 0.029561
11,608, 0.029788
11,609, 0.029742
11,610, 0.029923
11,611, 0.030101
11,612, 0.030042
11,613, 0.030302
11,614, 0.030222
11,615, 0.030423
11,616, 0.030570
11,617, 0.030563
11,618, 0.030810
11,619, 0.030715
11,620, 0.030902
11,621, 0.031102
11,622, 0.031018
11,623, 0.031284
11,624, 0.031202
11,625, 0.031403
11,626, 0.031589
11,627, 0.031557
11,628, 0.031787
11,629, 0.031719
11,630, 0.031903
11,631, 0.032100
11,632, 0.032025
11,633, 0.032280
11,634, 0.032245
11,635, 0.032413
11,636, 0.032625
11,637, 0.032545
11,638, 0.032804
11,639, 0.032753
11,640, 0.032934
11,641, 0.033112
11,642, 0.033060
11,643, 0.033321
11,644, 0.033272
11,645, 0.033452
11,646, 0.033645
11,647, 0.033598
11,648, 0.033872
11,649, 0.033815
11,650, 0.033995
11,651, 0.034191
11,652, 0.034105
11,653, 0.034367
11,654, 0.034311
11,655, 0.034521
11,656, 0.034662
11,657, 0.034610
11,658, 0.034889
11,659, 0.034850
11,660, 0.035007
11,661, 0.035222
11,662, 0.035143
11,663, 0.035444
11,664, 0.035321
11,665, 0.035596
11,666, 0.035746
11,667, 0.035718
11,668, 0.035962
11,669, 0.035907
11,670, 0.036127
11,671, 0.036319
11,672, 0.036244
11,673, 0.036561
11,674, 0.036448
11,675, 0.036664
11,676, 0.036857
11,677, 0.036812
11,678, 0.037053
11,679, 0.036976
11,680, 0.037173
11,681, 0.037377
11,682, 0.037309
11,683, 0.037597
11,684, 0.037487
11,685, 0.037724
11,686, 0.037926
11,687, 0.037843
11,688, 0.038132
11,689, 0.038108
11,690, 0.038243
11,691, 0.038472
11,692, 0.038428
11,693, 0.038703
11,694, 0.038631
11,695, 0.038862
11,696, 0.039076
11,697, 0.038994
11,698, 0.039292
11,699, 0.039172
11,700, 0.039399
11,701, 0.039603
11,702, 0.039563
11,703, 0.039813
11,704, 0.039741
11,705, 0.043199
11,706, 0.040165
11,707, 0.040100
11,708, 0.040385
11,709, 0.040308
11,710, 0.040536
11,711, 0.040731
11,712, 0.040644
11,713, 0.040942
11,714, 0.040844
11,715, 0.041095
11,716, 0.041287
11,717, 0.041237
11,718, 0.041604
11,719, 0.041447
11,720, 0.041663
11,721, 0.041866
11,722, 0.041838
11,723, 0.042120
11,724, 0.042032
11,725, 0.042280
11,726, 0.042428
11,727, 0.042390
11,728, 0.042707
11,729, 0.042636
11,730, 0.042813
11,731, 0.043074
11,732, 0.042998
11,733, 0.043302
11,734, 0.043217
11,735, 0.043441
11,736, 0.043619
11,737, 0.043575
11,738, 0.043846
11,739, 0.043822
11,740, 0.044005
11,741, 0.044320
11,742, 0.044183
11,743, 0.044528
11,744, 0.044420
11,745, 0.044668
11,746, 0.044850
11,747, 0.044818
11,748, 0.045121
11,749, 0.045050
11,750, 0.045247
11,751, 0.045470
11,752, 0.045399
11,753, 0.045715
11,754, 0.045615
11,755, 0.045873
11,756, 0.046086
11,757, 0.046042
11,758, 0.046361
11,759, 0.046278
11,760, 0.046498
11,761, 0.046691
11,762, 0.046588
11,763, 0.046921
11,764, 0.046807
11,765, 0.047058
11,766, 0.047290
11,767, 0.047240
11,768, 0.047538
11,769, 0.047460
11,770, 0.047660
11,771, 0.047917
11,772, 0.047852
11,773, 0.048192
11,774, 0.048060
11,775, 0.048308
11,776, 0.048511
11,777, 0.048518
11,778, 0.048775
11,779, 0.048730
11,780, 0.048930
11,781, 0.049186
11,782, 0.049089
11,783, 0.049423
11,784, 0.049328
11,785, 0.049560
11,786, 0.049763
11,787, 0.049750
11,788, 0.050053
11,789, 0.049983
11,790, 0.050192
11,791, 0.050486
11,792, 0.050374
11,793, 0.050763
11,794, 0.050602
11,795, 0.050851
11,796, 0.051091
11,797, 0.051052
11,798, 0.051358
11,799, 0.051325
11,800, 0.051503
11,801, 0.051756
11,802, 0.051661
11,803, 0.051986
11,804, 0.051900
11,805, 0.052219
11,806, 0.052380
11,807, 0.052288
11,808, 0.052613
11,809, 0.052681
11,810, 0.052814
11,811, 0.053016
11,812, 0.052888
11,813, 0.053277
11,814, 0.053176
11,815, 0.053394
11,816, 0.053639
11,817, 0.053570
11,818, 0.053877
11,819, 0.053894
11,820, 0.054094
11,821, 0.054331
11,822, 0.054304
11,823, 0.054634
11,824, 0.054461
11,825, 0.054817
11,826, 0.054961
11,827, 0.054874
11,828, 0.055229
11,829, 0.055215
11,830, 0.055436
11,831, 0.055694
11,832, 0.055572
11,833, 0.055936
11,834, 0.055833
11,835, 0.056077
11,836, 0.056413
11,837, 0.056283
11,838, 0.056608
11,839, 0.056474
11,840, 0.056778
11,841, 0.057032
11,842, 0.056914
11,843, 0.057333
11,844, 0.057098
11,845, 0.057475
11,846, 0.057646
11,847, 0.057619
11,848, 0.057910
11,849, 0.057856
11,850, 0.058070
11,851, 0.058404
11,852, 0.058280
11,853, 0.058577
11,854, 0.058539
11,855, 0.058798
11,856, 0.059048
11,857, 0.059034
11,858, 0.059295
11,859, 0.059210
11,860, 0.059472
11,861, 0.059760
11,862, 0.059663
11,863, 0.060026
11,864, 0.059885
11,865, 0.060252
11,866, 0.060480
11,867, 0.060397
11,868, 0.060682
11,869, 0.060630
11,870, 0.060891
11,871, 0.061136
11,872, 0.061074
11,873, 0.061401
11,874, 0.061293
11,875, 0.061614
11,876, 0.061816
11,877, 0.061815
11,878, 0.062083
11,879, 0.061986
11,880, 0.062291
11,881, 0.062571
11,882, 0.062425
11,883, 0.062822
11,884, 0.062729
11,885, 0.062937
11,886, 0.063239
11,887, 0.063184
11,888, 0.063551
11,889, 0.063456
11,890, 0.063737
11,891, 0.064024
11,892, 0.063912
11,893, 0.064317
11,894, 0.064163
11,895, 0.064469
11,896, 0.064727
11,897, 0.064621
11,898, 0.064993
11,899, 0.064926
11,900, 0.065201
11,901, 0.065446
11,902, 0.065373
11,903, 0.065695
11,904, 0.065675
11,905, 0.065876
11,906, 0.066099
11,907, 0.066064
11,908, 0.066465
11,909, 0.066386
11,910, 0.066611
11,911, 0.066904
11,912, 0.066780
11,913, 0.067184
11,914, 0.067059
11,915, 0.067349
11,916, 0.067631
11,917, 0.067508
11,918, 0.067905
11,919, 0.067789
11,920, 0.068089
11,921, 0.068341
11,922, 0.068228
11,923, 0.068638
11,924, 0.068530
11,925, 0.068818
11,926, 0.069063
11,927, 0.069052
11,928, 0.069365
11,929, 0.069308
11,930, 0.069586
11,931, 0.069854
11,932, 0.069774
11,933, 0.070180
11,934, 0.070042
11,935, 0.070373
11,936, 0.070593
11,937, 0.070513
11,938, 0.070841
11,939, 0.070755
11,940, 0.071074
11,941, 0.071337
11,942, 0.071312
11,943, 0.071626
11,944, 0.071504
11,945, 0.071829
11,946, 0.072072
11,947, 0.071977
11,948, 0.072402
11,949, 0.072305
11,950, 0.072557
11,951, 0.072865
11,952, 0.072735
11,953, 0.073214
11,954, 0.073046
11,955, 0.073344
11,956, 0.073567
11,957, 0.073544
11,958, 0.073882
11,959, 0.073839
11,960, 0.074116
11,961, 0.074415
11,962, 0.074283
11,963, 0.074740
11,964, 0.074614
11,965, 0.074897
11,966, 0.075157
11,967, 0.075092
11,968, 0.075430
11,969, 0.075427
11,970, 0.075687
11,971, 0.075971
11,972, 0.075905
11,973, 0.076280
11,974, 0.076144
11,975, 0.076454
11,976, 0.076768
11,977, 0.076625
11,978, 0.077068
11,979, 0.076978
11,980, 0.077209
11,981, 0.077540
11,982, 0.077445
11,983, 0.077823
11,984, 0.077673
11,985, 0.078043
11,986, 0.078262
11,987, 0.078215
11,988, 0.078637
11,989, 0.078532
11,990, 0.078834
11,991, 0.079089
11,992, 0.079020
11,993, 0.079450
11,994, 0.079342
11,995, 0.079600
11,996, 0.079926
11,997, 0.079830
11,998, 0.080230
11,999, 0.080165
11,1000, 0.080417
11,1001, 0.080720
11,1002, 0.080610
11,1003, 0.081094
11,1004, 0.080908
11,1005, 0.081273
11,1006, 0.081563
11,1007, 0.081458
11,1008, 0.081838
11,1009, 0.081783
11,1010, 0.082104
11,1011, 0.082444
11,1012, 0.082279
11,1013, 0.082669
11,1014, 0.082550
11,1015, 0.082824
11,1016, 0.083119
11,1017, 0.083060
11,1018, 0.083455
11,1019, 0.083333
11,1020, 0.083644
11,1021, 0.083937
11,1022, 0.083866
11,1023, 0.084296
11,1024, 0.084193
11,1025, 0.084529
11,1026, 0.084816
11,1027, 0.084750
11,1028, 0.085152
11,1029, 0.085073
11,1030, 0.085310
11,1031, 0.085654
11,1032, 0.085535
11,1033, 0.085954
11,1034, 0.085850
11,1035, 0.086158
11,1036, 0.086391
11,1037, 0.086402
11,1038, 0.086816
11,1039, 0.086619
11,1040, 0.087027
11,1041, 0.087331
11,1042, 0.087234
11,1043, 0.087628
11,1044, 0.087489
11,1045, 0.087839
11,1046, 0.088183
11,1047, 0.088050
11,1048, 0.088461
11,1049, 0.088403
11,1050, 0.088718
11,1051, 0.089029
11,1052, 0.088905
11,1053, 0.089388
11,1054, 0.089228
11,1055, 0.089663
11,1056, 0.089848
11,1057, 0.089751
11,1058, 0.090222
11,1059, 0.090089
11,1060, 0.090440
11,1061, 0.090657
11,1062, 0.090614
11,1063, 0.091079
11,1064, 0.090989
11,1065, 0.091281
11,1066, 0.091596
11,1067, 0.091496
11,1068, 0.091928
11,1069, 0.091815
11,1070, 0.092155
11,1071, 0.092499
11,1072, 0.092342
11,1073, 0.092816
11,1074, 0.092660
11,1075, 0.092956
11,1076, 0.093280
11,1077, 0.093193
11,1078, 0.093618
11,1079, 0.093559
11,1080, 0.093832
11,1081, 0.094178
11,1082, 0.094098
11,1083, 0.094544
11,1084, 0.094412
11,1085, 0.094776
11,1086, 0.095069
11,1087, 0.094943
11,1088, 0.095386
11,1089, 0.095239
11,1090, 0.095677
11,1091, 0.096009
11,1092, 0.095878
11,1093, 0.096319
11,1094, 0.096211
11,1095, 0.096554
11,1096, 0.096859
11,1097, 0.096780
11,1098, 0.097190
11,1099, 0.097100
11,1100, 0.097456
11,1101, 0.097719
11,1102, 0.097623
11,1103, 0.098041
11,1104, 0.098006
11,1105, 0.098336
11,1106, 0.098628
11,1107, 0.098530
11,1108, 0.098938
11,1109, 0.098909
11,1110, 0.099143
11,1111, 0.099546
11,1112, 0.099482
11,1113, 0.099851
11,1114, 0.099701
11,1115, 0.100082
11,1116, 0.100416
11,1117, 0.100307
11,1118, 0.100762
11,1119, 0.100733
11,1120, 0.100999
11,1121, 0.101332
11,1122, 0.101167
11,1123, 0.101667
11,1124, 0.101545
11,1125, 0.101865
11,1126, 0.102285
11,1127, 0.102158
11,1128, 0.102628
11,1129, 0.102534
11,1130, 0.102847
11,1131, 0.103188
11,1132, 0.103086
11,1133, 0.103520
11,1134, 0.103374
11,1135, 0.103772
11,1136, 0.104045
11,1137, 0.103938
11,1138, 0.104389
11,1139, 0.104293
11,1140, 0.104614
11,1141, 0.104989
11,1142, 0.104876
11,1143, 0.105307
11,1144, 0.105246
11,1145, 0.105631
11,1146, 0.105916
11,1147, 0.105759
11,1148, 0.106224
11,1149, 0.106101
11,1150, 0.106461
11,1151, 0.106796
11,1152, 0.106656
11,1153, 0.107172
11,1154, 0.107023
11,1155, 0.107357
11,1156, 0.107710
11,1157, 0.107589
11,1158, 0.108048
11,1159, 0.107967
11,1160, 0.108389
11,1161, 0.108628
11,1162, 0.108556
11,1163, 0.109021
11,1164, 0.108921
11,1165, 0.109347
11,1166, 0.109618
11,1167, 0.109528
11,1168, 0.110023
11,1169, 0.109935
11,1170, 0.110185
11,1171, 0.110534
11,1172, 0.110410
11,1173, 0.110972
11,1174, 0.110843
11,1175, 0.111236
11,1176, 0.111507
11,1177, 0.111380
11,1178, 0.111869
11,1179, 0.111745
11,1180, 0.112099
11,1181, 0.112456
11,1182, 0.112294
11,1183, 0.112794
11,1184, 0.112608
11,1185, 0.113024
11,1186, 0.113443
11,1187, 0.113300
11,1188, 0.113778
11,1189, 0.113620
11,1190, 0.113991
11,1191, 0.114313
11,1192, 0.114218
11,1193, 0.114749
11,1194, 0.114629
11,1195, 0.115012
11,1196, 0.115317
11,1197, 0.115215
11,1198, 0.115693
11,1199, 0.115579
11,1200, 0.115974
11,1201, 0.116361
11,1202, 0.116222
11,1203, 0.116724
11,1204, 0.116575
11,1205, 0.117007
11,1206, 0.117227
11,1207, 0.117109
11,1208, 0.117609
11,1209, 0.117537
11,1210, 0.117851
11,1211, 0.118274
11,1212, 0.118083
11,1213, 0.118592
11,1214, 0.118474
11,1215, 0.118814
11,1216, 0.119164
11,1217, 0.119061
11,1218, 0.119596
11,1219, 0.119454
11,1220, 0.119808
11,1221, 0.120209
11,1222, 0.120084
11,1223, 0.120561
11,1224, 0.120402
11,1225, 0.120778
11,1226, 0.121134
11,1227, 0.121081
11,1228, 0.121546
11,1229, 0.121429
11,1230, 0.121824
11,1231, 0.122183
11,1232, 0.121991
11,1233, 0.122540
11,1234, 0.122466
11,1235, 0.122883
11,1236, 0.123252
11,1237, 0.123108
11,1238, 0.123637
11,1239, 0.123406
11,1240, 0.123755
11,1241, 0.124118
11,1242, 0.124048
11,1243, 0.124521
11,1244, 0.124400
11,1245, 0.124784
11,1246, 0.125169
11,1247, 0.125062
11,1248, 0.125570
11,1249, 0.125365
11,1250, 0.125814
11,1251, 0.126238
11,1252, 0.126109
11,1253, 0.126605
11,1254, 0.126509
11,1255, 0.126768
11,1256, 0.127148
11,1257, 0.126962
11,1258, 0.127511
11,1259, 0.127357
11,1260, 0.127753
11,1261, 0.128184
11,1262, 0.128058
11,1263, 0.128574
11,1264, 0.128350
11,1265, 0.128817
11,1266, 0.129109
11,1267, 0.129050
11,1268, 0.129599
11,1269, 0.129427
11,1270, 0.129860
11,1271, 0.130244
11,1272, 0.130107
11,1273, 0.130625
11,1274, 0.130451
11,1275, 0.130907
11,1276, 0.131238
11,1277, 0.131156
11,1278, 0.131673
11,1279, 0.131486
11,1280, 0.131931
11,1281, 0.132356
11,1282, 0.132199
11,1283, 0.132704
11,1284, 0.132592
11,1285, 0.132985
11,1286, 0.133359
11,1287, 0.133171
11,1288, 0.133680
11,1289, 0.133520
11,1290, 0.133873
11,1291, 0.134282
11,1292, 0.134228
11,1293, 0.134800
11,1294, 0.134608
11,1295, 0.134973
11,1296, 0.135422
11,1297, 0.135250
11,1298, 0.135879
11,1299, 0.135724
11,1300, 0.136136
11,1301, 0.136493
11,1302, 0.136381
11,1303, 0.136834
11,1304, 0.136695
11,1305, 0.137109
11,1306, 0.137419
11,1307, 0.137407
11,1308, 0.137929
11,1309, 0.137760
11,1310, 0.138143
11,1311, 0.138538
11,1312, 0.138427
11,1313, 0.139039
11,1314, 0.138822
11,1315, 0.139218
11,1316, 0.139657
11,1317, 0.139433
11,1318, 0.139960
11,1319, 0.139823
11,1320, 0.140193
11,1321, 0.140595
11,1322, 0.140532
11,1323, 0.141013
11,1324, 0.140836
11,1325, 0.141308
11,1326, 0.141684
11,1327, 0.141679
11,1328, 0.142206
11,1329, 0.141979
11,1330, 0.142364
11,1331, 0.142744
11,1332, 0.142596
11,1333, 0.143152
11,1334, 0.143042
11,1335, 0.143444
11,1336, 0.143847
11,1337, 0.143775
11,1338, 0.144263
11,1339, 0.144119
11,1340, 0.144599
11,1341, 0.145029
11,1342, 0.144909
11,1343, 0.145371
11,1344, 0.145201
11,1345, 0.145636
11,1346, 0.146075
11,1347, 0.145861
11,1348, 0.146418
11,1349, 0.146258
11,1350, 0.146695
11,1351, 0.147130
11,1352, 0.147117
11,1353, 0.147608
11,1354, 0.147474
11,1355, 0.147844
11,1356, 0.148232
11,1357, 0.148069
11,1358, 0.148621
11,1359, 0.149467
11,1360, 0.149004
11,1361, 0.149285
11,1362, 0.149146
11,1363, 0.149778
11,1364, 0.149612
11,1365, 0.150037
11,1366, 0.150327
11,1367, 0.150255
11,1368, 0.150783
11,1369, 0.150797
11,1370, 0.151120
11,1371, 0.151584
11,1372, 0.151361
11,1373, 0.151918
11,1374, 0.151694
11,1375, 0.152191
11,1376, 0.152592
11,1377, 0.152527
11,1378, 0.153006
11,1379, 0.152896
11,1380, 0.153247
11,1381, 0.153698
11,1382, 0.153549
11,1383, 0.154203
11,1384, 0.154040
11,1385, 0.154484
11,1386, 0.154902
11,1387, 0.154718
11,1388, 0.155242
11,1389, 0.155154
11,1390, 0.155515
11,1391, 0.155922
11,1392, 0.155859
11,1393, 0.156393
11,1394, 0.156267
11,1395, 0.156739
11,1396, 0.157109
11,1397, 0.157014
11,1398, 0.157579
11,1399, 0.157451
11,1400, 0.157787
11,1401, 0.158283
11,1402, 0.158111
11,1403, 0.158660
11,1404, 0.158440
11,1405, 0.158893
11,1406, 0.159255
11,1407, 0.159167
11,1408, 0.159785
11,1409, 0.159626
11,1410, 0.160080
11,1411, 0.160515
11,1412, 0.160452
11,1413, 0.160960
11,1414, 0.160686
11,1415, 0.161294
11,1416, 0.161685
11,1417, 0.161573
11,1418, 0.162063
11,1419, 0.161869
11,1420, 0.162418
11,1421, 0.162823
11,1422, 0.162611
11,1423, 0.163166
11,1424, 0.163000
11,1425, 0.163414
11,1426, 0.163813
11,1427, 0.163769
11,1428, 0.164277
11,1429, 0.164236
11,1430, 0.164593
11,1431, 0.165047
11,1432, 0.164904
11,1433, 0.165461
11,1434, 0.165401
11,1435, 0.165884
11,1436, 0.166274
11,1437, 0.166157
11,1438, 0.166651
11,1439, 0.166515
11,1440, 0.166978
11,1441, 0.167416
11,1442, 0.167189
11,1443, 0.167807
11,1444, 0.167644
11,1445, 0.168161
11,1446, 0.168653
11,1447, 0.168344
11,1448, 0.168880
11,1449, 0.168923
11,1450, 0.169246
11,1451, 0.169662
11,1452, 0.169487
11,1453, 0.170141
11,1454, 0.169933
11,1455, 0.170411
11,1456, 0.170877
11,1457, 0.170679
11,1458, 0.171366
11,1459, 0.171309
11,1460, 0.171662
11,1461, 0.172203
11,1462, 0.172005
11,1463, 0.172449
11,1464, 0.172310
11,1465, 0.172817
11,1466, 0.173133
11,1467, 0.173057
11,1468, 0.173698
11,1469, 0.173516
11,1470, 0.173959
11,1471, 0.174392
11,1472, 0.174253
11,1473, 0.174936
11,1474, 0.174728
11,1475, 0.175198
11,1476, 0.175483
11,1477, 0.175402
11,1478, 0.175976
11,1479, 0.175850
11,1480, 0.176334
11,1481, 0.176697
11,1482, 0.176764
11,1483, 0.177277
11,1484, 0.177246
11,1485, 0.177634
11,1486, 0.178081
11,1487, 0.177824
11,1488, 0.178465
11,1489, 0.178277
11,1490, 0.178698
11,1491, 0.179270
11,1492, 0.178991
11,1493, 0.179657
11,1494, 0.179593
11,1495, 0.180050
11,1496, 0.180560
11,1497, 0.180300
11,1498, 0.180799
11,1499, 0.180650
11,1500, 0.181122
