4,500, 0.049520
4,501, 0.046574
4,502, 0.046872
4,503, 0.046858
4,504, 0.047165
4,505, 0.047374
4,506, 0.047488
4,507, 0.047686
4,508, 0.047896
4,509, 0.048019
4,510, 0.048220
4,511, 0.048477
4,512, 0.048559
4,513, 0.048802
4,514, 0.049117
4,515, 0.049079
4,516, 0.049412
4,517, 0.049723
4,518, 0.049704
4,519, 0.050061
4,520, 0.050216
4,521, 0.050339
4,522, 0.050565
4,523, 0.050812
4,524, 0.050858
4,525, 0.051123
4,526, 0.051391
4,527, 0.051461
4,528, 0.051745
4,529, 0.051980
4,530, 0.052080
4,531, 0.052277
4,532, 0.052587
4,533, 0.052628
4,534, 0.052926
4,535, 0.053168
4,536, 0.053296
4,537, 0.053514
4,538, 0.053750
4,539, 0.053830
4,540, 0.054100
4,541, 0.054355
4,542, 0.054406
4,543, 0.054692
4,544, 0.054946
4,545, 0.055068
4,546, 0.055279
4,547, 0.055556
4,548, 0.055624
4,549, 0.055930
4,550, 0.056144
4,551, 0.056324
4,552, 0.056528
4,553, 0.056822
4,554, 0.056877
4,555, 0.057236
4,556, 0.057513
4,557, 0.057565
4,558, 0.057828
4,559, 0.058107
4,560, 0.058105
4,561, 0.058470
4,562, 0.058706
4,563, 0.058772
4,564, 0.059027
4,565, 0.059373
4,566, 0.059386
4,567, 0.059690
4,568, 0.060007
4,569, 0.060018
4,570, 0.060343
4,571, 0.060529
4,572, 0.060695
4,573, 0.060991
4,574, 0.061235
4,575, 0.061333
4,576, 0.061587
4,577, 0.061854
4,578, 0.061911
4,579, 0.062179
4,580, 0.062567
4,581, 0.062580
4,582, 0.062874
4,583, 0.063127
4,584, 0.063224
4,585, 0.063478
4,586, 0.063812
4,587, 0.063852
4,588, 0.064225
4,589, 0.064422
4,590, 0.064505
4,591, 0.064766
4,592, 0.065113
4,593, 0.065179
4,594, 0.065457
4,595, 0.065746
4,596, 0.065866
4,597, 0.066070
4,598, 0.066394
4,599, 0.066492
4,600, 0.066759
4,601, 0.067118
4,602, 0.067130
4,603, 0.067513
4,604, 0.067813
4,605, 0.067857
4,606, 0.068195
4,607, 0.068509
4,608, 0.068526
4,609, 0.068897
4,610, 0.069128
4,611, 0.069222
4,612, 0.069493
4,613, 0.069828
4,614, 0.069829
4,615, 0.070198
4,616, 0.070459
4,617, 0.070646
4,618, 0.070885
4,619, 0.071188
4,620, 0.071240
4,621, 0.071535
4,622, 0.071839
4,623, 0.071912
4,624, 0.072263
4,625, 0.072539
4,626, 0.072679
4,627, 0.072979
4,628, 0.073291
4,629, 0.073336
4,630, 0.073678
4,631, 0.073987
4,632, 0.074059
4,633, 0.074293
4,634, 0.074689
4,635, 0.074771
4,636, 0.075058
4,637, 0.075391
4,638, 0.075464
4,639, 0.075791
4,640, 0.076112
4,641, 0.076144
4,642, 0.076475
4,643, 0.076813
4,644, 0.077048
4,645, 0.077206
4,646, 0.077546
4,647, 0.077588
4,648, 0.077932
4,649, 0.078294
4,650, 0.078328
4,651, 0.078669
4,652, 0.078943
4,653, 0.078940
4,654, 0.079363
4,655, 0.079633
4,656, 0.079775
4,657, 0.080139
4,658, 0.080489
4,659, 0.080580
4,660, 0.080837
4,661, 0.081196
4,662, 0.081310
4,663, 0.081667
4,664, 0.081911
4,665, 0.082047
4,666, 0.082311
4,667, 0.082693
4,668, 0.082687
4,669, 0.083094
4,670, 0.083432
4,671, 0.083510
4,672, 0.083812
4,673, 0.084222
4,674, 0.084217
4,675, 0.084581
4,676, 0.084965
4,677, 0.085017
4,678, 0.085359
4,679, 0.085660
4,680, 0.085759
4,681, 0.086122
4,682, 0.086409
4,683, 0.086526
4,684, 0.086771
4,685, 0.087141
4,686, 0.087325
4,687, 0.087589
4,688, 0.087991
4,689, 0.088079
4,690, 0.088338
4,691, 0.088758
4,692, 0.088780
4,693, 0.089264
4,694, 0.089503
4,695, 0.089605
4,696, 0.089970
4,697, 0.090276
4,698, 0.090374
4,699, 0.090729
4,700, 0.091015
4,701, 0.091197
4,702, 0.091524
4,703, 0.091822
4,704, 0.091966
4,705, 0.092225
4,706, 0.092580
4,707, 0.092638
4,708, 0.093065
4,709, 0.093389
4,710, 0.093478
4,711, 0.093774
4,712, 0.094169
4,713, 0.094257
4,714, 0.094587
4,715, 0.094998
4,716, 0.095107
4,717, 0.095401
4,718, 0.095849
4,719, 0.095776
4,720, 0.096230
4,721, 0.096557
4,722, 0.096639
4,723, 0.097094
4,724, 0.097352
4,725, 0.097601
4,726, 0.097764
4,727, 0.098192
4,728, 0.098338
4,729, 0.098650
4,730, 0.098985
4,731, 0.099128
4,732, 0.099494
4,733, 0.099836
4,734, 0.099905
4,735, 0.100319
4,736, 0.100587
4,737, 0.100777
4,738, 0.101115
4,739, 0.101519
4,740, 0.101647
4,741, 0.101966
4,742, 0.102342
4,743, 0.102448
4,744, 0.102790
4,745, 0.103167
4,746, 0.103181
4,747, 0.103619
4,748, 0.103954
4,749, 0.104092
4,750, 0.104449
4,751, 0.104778
4,752, 0.104957
4,753, 0.105265
4,754, 0.105685
4,755, 0.105676
4,756, 0.106091
4,757, 0.106539
4,758, 0.106579
4,759, 0.107024
4,760, 0.107275
4,761, 0.107398
4,762, 0.107816
4,763, 0.108156
4,764, 0.108278
4,765, 0.108605
4,766, 0.108993
4,767, 0.109147
4,768, 0.109512
4,769, 0.109871
4,770, 0.110003
4,771, 0.110343
4,772, 0.110775
4,773, 0.110908
4,774, 0.111192
4,775, 0.111588
4,776, 0.111743
4,777, 0.112186
4,778, 0.112517
4,779, 0.112599
4,780, 0.112955
4,781, 0.113390
4,782, 0.113408
4,783, 0.113791
4,784, 0.114255
4,785, 0.114278
4,786, 0.114666
4,787, 0.115166
4,788, 0.115190
4,789, 0.115645
4,790, 0.115985
4,791, 0.116114
4,792, 0.116500
4,793, 0.116911
4,794, 0.117033
4,795, 0.117396
4,796, 0.117748
4,797, 0.117862
4,798, 0.118195
4,799, 0.118720
4,800, 0.118739
4,801, 0.119170
4,802, 0.119518
4,803, 0.119693
4,804, 0.120078
4,805, 0.120523
4,806, 0.120594
4,807, 0.120970
4,808, 0.121402
4,809, 0.121440
4,810, 0.121810
4,811, 0.122208
4,812, 0.122298
4,813, 0.122666
4,814, 0.123062
4,815, 0.123189
4,816, 0.123563
4,817, 0.123986
4,818, 0.124120
4,819, 0.124537
4,820, 0.124922
4,821, 0.125010
4,822, 0.125409
4,823, 0.125875
4,824, 0.126005
4,825, 0.126442
4,826, 0.126740
4,827, 0.126879
4,828, 0.127304
4,829, 0.127812
4,830, 0.127857
4,831, 0.128277
4,832, 0.128617
4,833, 0.128772
4,834, 0.129178
4,835, 0.129500
4,836, 0.129680
4,837, 0.130096
4,838, 0.130456
4,839, 0.130615
4,840, 0.131120
4,841, 0.131421
4,842, 0.131457
4,843, 0.131921
4,844, 0.132329
4,845, 0.132425
4,846, 0.132834
4,847, 0.133286
4,848, 0.133408
4,849, 0.133812
4,850, 0.134187
4,851, 0.134330
4,852, 0.134748
4,853, 0.135130
4,854, 0.135367
4,855, 0.135759
4,856, 0.136208
4,857, 0.136353
4,858, 0.136738
4,859, 0.137218
4,860, 0.137272
4,861, 0.137650
4,862, 0.138103
4,863, 0.138179
4,864, 0.138548
4,865, 0.139040
4,866, 0.139195
4,867, 0.139491
4,868, 0.139955
4,869, 0.140192
4,870, 0.140558
4,871, 0.140980
4,872, 0.141073
4,873, 0.141470
4,874, 0.141854
4,875, 0.142096
4,876, 0.142449
4,877, 0.142911
4,878, 0.143004
4,879, 0.143352
4,880, 0.143896
4,881, 0.143982
4,882, 0.144318
4,883, 0.145062
4,884, 0.144972
4,885, 0.145384
4,886, 0.145817
4,887, 0.145992
4,888, 0.146350
4,889, 0.146861
4,890, 0.146974
4,891, 0.147342
4,892, 0.147834
4,893, 0.147902
4,894, 0.148355
4,895, 0.148869
4,896, 0.148920
4,897, 0.149460
4,898, 0.149885
4,899, 0.149909
4,900, 0.150393
4,901, 0.150775
4,902, 0.150927
4,903, 0.151330
4,904, 0.151908
4,905, 0.151981
4,906, 0.152309
4,907, 0.152835
4,908, 0.152968
4,909, 0.153389
4,910, 0.153875
4,911, 0.153903
4,912, 0.154449
4,913, 0.154967
4,914, 0.155042
4,915, 0.155494
4,916, 0.155831
4,917, 0.155971
4,918, 0.156491
4,919, 0.156914
4,920, 0.157060
4,921, 0.157464
4,922, 0.157970
4,923, 0.158156
4,924, 0.158602
4,925, 0.159063
4,926, 0.159126
4,927, 0.159647
4,928, 0.160124
4,929, 0.160246
4,930, 0.160673
4,931, 0.161134
4,932, 0.161250
4,933, 0.161647
4,934, 0.162182
4,935, 0.162320
4,936, 0.162761
4,937, 0.163266
4,938, 0.163304
4,939, 0.163794
4,940, 0.164255
4,941, 0.164401
4,942, 0.164787
4,943, 0.165293
4,944, 0.165341
4,945, 0.165913
4,946, 0.166408
4,947, 0.166443
4,948, 0.167031
4,949, 0.167358
4,950, 0.167455
4,951, 0.167920
4,952, 0.168340
4,953, 0.168618
4,954, 0.169007
4,955, 0.169468
4,956, 0.169529
4,957, 0.170004
4,958, 0.170558
4,959, 0.170703
4,960, 0.171206
4,961, 0.171684
4,962, 0.171767
4,963, 0.172278
4,964, 0.172769
4,965, 0.172855
4,966, 0.173399
4,967, 0.173836
4,968, 0.173906
4,969, 0.174417
4,970, 0.174989
4,971, 0.175071
4,972, 0.175540
4,973, 0.175950
4,974, 0.176022
4,975, 0.176512
4,976, 0.177074
4,977, 0.177106
4,978, 0.177680
4,979, 0.178225
4,980, 0.178194
4,981, 0.178689
4,982, 0.179332
4,983, 0.179327
4,984, 0.179908
4,985, 0.180341
4,986, 0.180448
4,987, 0.181007
4,988, 0.181407
4,989, 0.181483
4,990, 0.182103
4,991, 0.182581
4,992, 0.182652
4,993, 0.183212
4,994, 0.183617
4,995, 0.183641
4,996, 0.184272
4,997, 0.184721
4,998, 0.184829
4,999, 0.185362
4,1000, 0.185799
4,1001, 0.185971
4,1002, 0.186427
4,1003, 0.186914
4,1004, 0.187212
4,1005, 0.187654
4,1006, 0.188158
4,1007, 0.188205
4,1008, 0.188788
4,1009, 0.189253
4,1010, 0.189429
4,1011, 0.189898
4,1012, 0.190311
4,1013, 0.190452
4,1014, 0.191055
4,1015, 0.191415
4,1016, 0.191602
4,1017, 0.191997
4,1018, 0.192581
4,1019, 0.192621
4,1020, 0.193227
4,1021, 0.193665
4,1022, 0.193802
4,1023, 0.194380
4,1024, 0.194864
4,1025, 0.195137
4,1026, 0.195619
4,1027, 0.196120
4,1028, 0.196222
4,1029, 0.196719
4,1030, 0.197190
4,1031, 0.197455
4,1032, 0.197901
4,1033, 0.198353
4,1034, 0.198545
4,1035, 0.199018
4,1036, 0.199450
4,1037, 0.199589
4,1038, 0.200127
4,1039, 0.200561
4,1040, 0.200743
4,1041, 0.201233
4,1042, 0.201710
4,1043, 0.201919
4,1044, 0.202424
4,1045, 0.203041
4,1046, 0.203209
4,1047, 0.203682
4,1048, 0.204133
4,1049, 0.204319
4,1050, 0.204838
4,1051, 0.205400
4,1052, 0.205447
4,1053, 0.206038
4,1054, 0.206535
4,1055, 0.206878
4,1056, 0.207180
4,1057, 0.207739
4,1058, 0.207930
4,1059, 0.208352
4,1060, 0.208951
4,1061, 0.208834
4,1062, 0.209557
4,1063, 0.209984
4,1064, 0.210271
4,1065, 0.210648
4,1066, 0.211368
4,1067, 0.211442
4,1068, 0.211986
4,1069, 0.212559
4,1070, 0.212628
4,1071, 0.213136
4,1072, 0.213712
4,1073, 0.213838
4,1074, 0.214422
4,1075, 0.214780
4,1076, 0.214853
4,1077, 0.215505
4,1078, 0.216015
4,1079, 0.216203
4,1080, 0.216661
4,1081, 0.217279
4,1082, 0.217355
4,1083, 0.217862
4,1084, 0.218480
4,1085, 0.218615
4,1086, 0.219047
4,1087, 0.219654
4,1088, 0.219720
4,1089, 0.220271
4,1090, 0.220839
4,1091, 0.220930
4,1092, 0.221635
4,1093, 0.222168
4,1094, 0.222356
4,1095, 0.222784
4,1096, 0.223380
4,1097, 0.223481
4,1098, 0.224056
4,1099, 0.224623
4,1100, 0.224683
4,1101, 0.225290
4,1102, 0.225778
4,1103, 0.225857
4,1104, 0.226514
4,1105, 0.227038
4,1106, 0.227103
4,1107, 0.227680
4,1108, 0.228212
4,1109, 0.228332
4,1110, 0.228878
4,1111, 0.229539
4,1112, 0.229699
4,1113, 0.230228
4,1114, 0.230766
4,1115, 0.230912
4,1116, 0.231561
4,1117, 0.231956
4,1118, 0.232118
4,1119, 0.232724
4,1120, 0.233239
4,1121, 0.233405
4,1122, 0.233969
4,1123, 0.234393
4,1124, 0.234548
4,1125, 0.235074
4,1126, 0.235728
4,1127, 0.235913
4,1128, 0.236364
4,1129, 0.236974
4,1130, 0.237063
4,1131, 0.237653
4,1132, 0.238189
4,1133, 0.238338
4,1134, 0.238832
4,1135, 0.239519
4,1136, 0.239704
4,1137, 0.240196
4,1138, 0.240810
4,1139, 0.240948
4,1140, 0.241475
4,1141, 0.242210
4,1142, 0.242155
4,1143, 0.242772
4,1144, 0.243409
4,1145, 0.243395
4,1146, 0.243955
4,1147, 0.244540
4,1148, 0.244849
4,1149, 0.245280
4,1150, 0.245965
4,1151, 0.246094
4,1152, 0.246635
4,1153, 0.247276
4,1154, 0.247259
4,1155, 0.247900
4,1156, 0.248395
4,1157, 0.248510
4,1158, 0.249069
4,1159, 0.249734
4,1160, 0.250052
4,1161, 0.250430
4,1162, 0.251057
4,1163, 0.251172
4,1164, 0.251655
4,1165, 0.252293
4,1166, 0.252342
4,1167, 0.253021
4,1168, 0.253671
4,1169, 0.253849
4,1170, 0.254303
4,1171, 0.254888
4,1172, 0.255025
4,1173, 0.255644
4,1174, 0.256213
4,1175, 0.256411
4,1176, 0.257065
4,1177, 0.257586
4,1178, 0.257645
4,1179, 0.258176
4,1180, 0.258845
4,1181, 0.258916
4,1182, 0.259552
4,1183, 0.260245
4,1184, 0.260431
4,1185, 0.260942
4,1186, 0.261623
4,1187, 0.261691
4,1188, 0.262271
4,1189, 0.262826
4,1190, 0.263005
4,1191, 0.263608
4,1192, 0.264246
4,1193, 0.264402
4,1194, 0.265011
4,1195, 0.265649
4,1196, 0.265793
4,1197, 0.266343
4,1198, 0.266960
4,1199, 0.267057
4,1200, 0.267613
4,1201, 0.268200
4,1202, 0.268348
4,1203, 0.268925
4,1204, 0.269442
4,1205, 0.269659
4,1206, 0.270275
4,1207, 0.270788
4,1208, 0.270950
4,1209, 0.271547
4,1210, 0.272189
4,1211, 0.272338
4,1212, 0.272908
4,1213, 0.273550
4,1214, 0.273711
4,1215, 0.274410
4,1216, 0.274980
4,1217, 0.275156
4,1218, 0.275802
4,1219, 0.276463
4,1220, 0.276545
4,1221, 0.277079
4,1222, 0.277629
4,1223, 0.277724
4,1224, 0.278358
4,1225, 0.278871
4,1226, 0.279129
4,1227, 0.279727
4,1228, 0.280392
4,1229, 0.280686
4,1230, 0.281286
4,1231, 0.281897
4,1232, 0.281892
4,1233, 0.282508
4,1234, 0.283154
4,1235, 0.283397
4,1236, 0.283930
4,1237, 0.284509
4,1238, 0.284573
4,1239, 0.285196
4,1240, 0.285856
4,1241, 0.285975
4,1242, 0.286766
4,1243, 0.287282
4,1244, 0.287583
4,1245, 0.288090
4,1246, 0.288674
4,1247, 0.288810
4,1248, 0.289531
4,1249, 0.290093
4,1250, 0.290339
4,1251, 0.290863
4,1252, 0.291519
4,1253, 0.291594
4,1254, 0.292203
4,1255, 0.292743
4,1256, 0.293073
4,1257, 0.293558
4,1258, 0.294188
4,1259, 0.294240
4,1260, 0.294990
4,1261, 0.295646
4,1262, 0.295766
4,1263, 0.296584
4,1264, 0.297163
4,1265, 0.297365
4,1266, 0.297876
4,1267, 0.298452
4,1268, 0.298711
4,1269, 0.299345
4,1270, 0.299985
4,1271, 0.300112
4,1272, 0.300855
4,1273, 0.301296
4,1274, 0.301491
4,1275, 0.302100
4,1276, 0.302712
4,1277, 0.303020
4,1278, 0.303623
4,1279, 0.304095
4,1280, 0.304261
4,1281, 0.304963
4,1282, 0.305593
4,1283, 0.305659
4,1284, 0.306363
4,1285, 0.306998
4,1286, 0.307092
4,1287, 0.307729
4,1288, 0.308353
4,1289, 0.308563
4,1290, 0.309232
4,1291, 0.309817
4,1292, 0.309978
4,1293, 0.310738
4,1294, 0.311286
4,1295, 0.311433
4,1296, 0.312229
4,1297, 0.312734
4,1298, 0.313010
4,1299, 0.313501
4,1300, 0.314202
4,1301, 0.314395
4,1302, 0.315093
4,1303, 0.315639
4,1304, 0.315694
4,1305, 0.316372
4,1306, 0.317026
4,1307, 0.317183
4,1308, 0.318120
4,1309, 0.318666
4,1310, 0.318835
4,1311, 0.319482
4,1312, 0.320009
4,1313, 0.320208
4,1314, 0.320767
4,1315, 0.321424
4,1316, 0.321666
4,1317, 0.322384
4,1318, 0.323155
4,1319, 0.323388
4,1320, 0.323913
4,1321, 0.324521
4,1322, 0.324661
4,1323, 0.325258
4,1324, 0.325994
4,1325, 0.326053
4,1326, 0.326783
4,1327, 0.327512
4,1328, 0.327568
4,1329, 0.328162
4,1330, 0.329041
4,1331, 0.328985
4,1332, 0.329683
4,1333, 0.330310
4,1334, 0.330637
4,1335, 0.331264
4,1336, 0.331926
4,1337, 0.332170
4,1338, 0.332766
4,1339, 0.333437
4,1340, 0.333787
4,1341, 0.334344
4,1342, 0.334882
4,1343, 0.335036
4,1344, 0.335690
4,1345, 0.336492
4,1346, 0.336711
4,1347, 0.337271
4,1348, 0.337848
4,1349, 0.338150
4,1350, 0.338875
4,1351, 0.339567
4,1352, 0.339536
4,1353, 0.340182
4,1354, 0.341126
4,1355, 0.341155
4,1356, 0.341833
4,1357, 0.342465
4,1358, 0.342780
4,1359, 0.343422
4,1360, 0.343987
4,1361, 0.344014
4,1362, 0.344683
4,1363, 0.345464
4,1364, 0.345559
4,1365, 0.346291
4,1366, 0.347077
4,1367, 0.346973
4,1368, 0.347693
4,1369, 0.348532
4,1370, 0.348487
4,1371, 0.349387
4,1372, 0.350032
4,1373, 0.350147
4,1374, 0.350960
4,1375, 0.351646
4,1376, 0.351801
4,1377, 0.352664
4,1378, 0.353180
4,1379, 0.353268
4,1380, 0.353950
4,1381, 0.354661
4,1382, 0.354917
4,1383, 0.355639
4,1384, 0.356234
4,1385, 0.356506
4,1386, 0.357235
4,1387, 0.357815
4,1388, 0.357858
4,1389, 0.358640
4,1390, 0.359332
4,1391, 0.359431
4,1392, 0.360277
4,1393, 0.361067
4,1394, 0.361143
4,1395, 0.361860
4,1396, 0.362571
4,1397, 0.362653
4,1398, 0.363332
4,1399, 0.364071
4,1400, 0.364295
4,1401, 0.365040
4,1402, 0.365777
4,1403, 0.365695
4,1404, 0.366382
4,1405, 0.367035
4,1406, 0.367106
4,1407, 0.368170
4,1408, 0.368777
4,1409, 0.368867
4,1410, 0.369538
4,1411, 0.370276
4,1412, 0.370461
4,1413, 0.371387
4,1414, 0.371873
4,1415, 0.372183
4,1416, 0.372847
4,1417, 0.373626
4,1418, 0.373776
4,1419, 0.374301
4,1420, 0.374883
4,1421, 0.375347
4,1422, 0.375890
4,1423, 0.376696
4,1424, 0.376918
4,1425, 0.377630
4,1426, 0.378230
4,1427, 0.378411
4,1428, 0.379015
4,1429, 0.379943
4,1430, 0.379873
4,1431, 0.380631
4,1432, 0.381325
4,1433, 0.381519
4,1434, 0.382333
4,1435, 0.382912
4,1436, 0.383157
4,1437, 0.383869
4,1438, 0.384403
4,1439, 0.384846
4,1440, 0.385465
4,1441, 0.386184
4,1442, 0.386269
4,1443, 0.387098
4,1444, 0.387858
4,1445, 0.388072
4,1446, 0.388799
4,1447, 0.389329
4,1448, 0.389508
4,1449, 0.390424
4,1450, 0.391160
4,1451, 0.391181
4,1452, 0.391932
4,1453, 0.392839
4,1454, 0.393018
4,1455, 0.393816
4,1456, 0.394374
4,1457, 0.394428
4,1458, 0.395156
4,1459, 0.395993
4,1460, 0.396254
4,1461, 0.396858
4,1462, 0.397713
4,1463, 0.397796
4,1464, 0.398683
4,1465, 0.399191
4,1466, 0.399252
4,1467, 0.400093
4,1468, 0.400810
4,1469, 0.400870
4,1470, 0.401666
4,1471, 0.402360
4,1472, 0.402655
4,1473, 0.403611
4,1474, 0.404286
4,1475, 0.404621
4,1476, 0.404882
4,1477, 0.405731
4,1478, 0.405821
4,1479, 0.406728
4,1480, 0.407385
4,1481, 0.407459
4,1482, 0.408436
4,1483, 0.409158
4,1484, 0.409432
4,1485, 0.410178
4,1486, 0.410823
4,1487, 0.411060
4,1488, 0.411886
4,1489, 0.412597
4,1490, 0.412607
4,1491, 0.413331
4,1492, 0.414162
4,1493, 0.414501
4,1494, 0.415098
4,1495, 0.415959
4,1496, 0.415969
4,1497, 0.416559
4,1498, 0.417376
4,1499, 0.417464
4,1500, 0.418239
