6,500, 0.035219
6,501, 0.035334
6,502, 0.035375
6,503, 0.035616
6,504, 0.035588
6,505, 0.035847
6,506, 0.036089
6,507, 0.036080
6,508, 0.036341
6,509, 0.036319
6,510, 0.036579
6,511, 0.036791
6,512, 0.036778
6,513, 0.037077
6,514, 0.037054
6,515, 0.037246
6,516, 0.037519
6,517, 0.037507
6,518, 0.037764
6,519, 0.037796
6,520, 0.037984
6,521, 0.038262
6,522, 0.038240
6,523, 0.038546
6,524, 0.038478
6,525, 0.038741
6,526, 0.039009
6,527, 0.038962
6,528, 0.039295
6,529, 0.039252
6,530, 0.039535
6,531, 0.039717
6,532, 0.039736
6,533, 0.040013
6,534, 0.040031
6,535, 0.040257
6,536, 0.040581
6,537, 0.040491
6,538, 0.040781
6,539, 0.040787
6,540, 0.041014
6,541, 0.041247
6,542, 0.041218
6,543, 0.041541
6,544, 0.041494
6,545, 0.041813
6,546, 0.042008
6,547, 0.042070
6,548, 0.042307
6,549, 0.042325
6,550, 0.042525
6,551, 0.042815
6,552, 0.042790
6,553, 0.043070
6,554, 0.043052
6,555, 0.043285
6,556, 0.043589
6,557, 0.043545
6,558, 0.043880
6,559, 0.043833
6,560, 0.044052
6,561, 0.044335
6,562, 0.044301
6,563, 0.044639
6,564, 0.044598
6,565, 0.044907
6,566, 0.045088
6,567, 0.045136
6,568, 0.045455
6,569, 0.045363
6,570, 0.045693
6,571, 0.045865
6,572, 0.046046
6,573, 0.046326
6,574, 0.046227
6,575, 0.046472
6,576, 0.046688
6,577, 0.046688
6,578, 0.047004
6,579, 0.046984
6,580, 0.047312
6,581, 0.047527
6,582, 0.047514
6,583, 0.047804
6,584, 0.047843
6,585, 0.048084
6,586, 0.048351
6,587, 0.048314
6,588, 0.048652
6,589, 0.048615
6,590, 0.048925
6,591, 0.049141
6,592, 0.049209
6,593, 0.049515
6,594, 0.049482
6,595, 0.049733
6,596, 0.050046
6,597, 0.050036
6,598, 0.050329
6,599, 0.050317
6,600, 0.050541
6,601, 0.050844
6,602, 0.050771
6,603, 0.051167
6,604, 0.051141
6,605, 0.051411
6,606, 0.051689
6,607, 0.051662
6,608, 0.051985
6,609, 0.051989
6,610, 0.052233
6,611, 0.052543
6,612, 0.052521
6,613, 0.052923
6,614, 0.052859
6,615, 0.053144
6,616, 0.053423
6,617, 0.053408
6,618, 0.053729
6,619, 0.053698
6,620, 0.053941
6,621, 0.054261
6,622, 0.054217
6,623, 0.054599
6,624, 0.054590
6,625, 0.054825
6,626, 0.055157
6,627, 0.055132
6,628, 0.055477
6,629, 0.055447
6,630, 0.055746
6,631, 0.056044
6,632, 0.056041
6,633, 0.056355
6,634, 0.056424
6,635, 0.056652
6,636, 0.056937
6,637, 0.056925
6,638, 0.057293
6,639, 0.057272
6,640, 0.057559
6,641, 0.057855
6,642, 0.057805
6,643, 0.058167
6,644, 0.058226
6,645, 0.058430
6,646, 0.058736
6,647, 0.058708
6,648, 0.059104
6,649, 0.059080
6,650, 0.059333
6,651, 0.059630
6,652, 0.059601
6,653, 0.059903
6,654, 0.059924
6,655, 0.060187
6,656, 0.060545
6,657, 0.060489
6,658, 0.060914
6,659, 0.060902
6,660, 0.061124
6,661, 0.061457
6,662, 0.061422
6,663, 0.061847
6,664, 0.061760
6,665, 0.062087
6,666, 0.062436
6,667, 0.062435
6,668, 0.062741
6,669, 0.062728
6,670, 0.063040
6,671, 0.063358
6,672, 0.063304
6,673, 0.063725
6,674, 0.063648
6,675, 0.063965
6,676, 0.064263
6,677, 0.064286
6,678, 0.064643
6,679, 0.064603
6,680, 0.064927
6,681, 0.065238
6,682, 0.065199
6,683, 0.065618
6,684, 0.065552
6,685, 0.065896
6,686, 0.066241
6,687, 0.066215
6,688, 0.066594
6,689, 0.066611
6,690, 0.066849
6,691, 0.067219
6,692, 0.067131
6,693, 0.067588
6,694, 0.067536
6,695, 0.067874
6,696, 0.068178
6,697, 0.068136
6,698, 0.068598
6,699, 0.068464
6,700, 0.068769
6,701, 0.069134
6,702, 0.069122
6,703, 0.069479
6,704, 0.069506
6,705, 0.069756
6,706, 0.070116
6,707, 0.070059
6,708, 0.070510
6,709, 0.070487
6,710, 0.070777
6,711, 0.071087
6,712, 0.071093
6,713, 0.071480
6,714, 0.071419
6,715, 0.071760
6,716, 0.072120
6,717, 0.072098
6,718, 0.072554
6,719, 0.072391
6,720, 0.072772
6,721, 0.073095
6,722, 0.073085
6,723, 0.073541
6,724, 0.073422
6,725, 0.073871
6,726, 0.074167
6,727, 0.074152
6,728, 0.074611
6,729, 0.074549
6,730, 0.074844
6,731, 0.075244
6,732, 0.075211
6,733, 0.075622
6,734, 0.075579
6,735, 0.075910
6,736, 0.076200
6,737, 0.076246
6,738, 0.076618
6,739, 0.076606
6,740, 0.076950
6,741, 0.077265
6,742, 0.077242
6,743, 0.077644
6,744, 0.077615
6,745, 0.077979
6,746, 0.078242
6,747, 0.078294
6,748, 0.078681
6,749, 0.078683
6,750, 0.079001
6,751, 0.079340
6,752, 0.079410
6,753, 0.079752
6,754, 0.079765
6,755, 0.080074
6,756, 0.080412
6,757, 0.080456
6,758, 0.080833
6,759, 0.080837
6,760, 0.081158
6,761, 0.081447
6,762, 0.081451
6,763, 0.081909
6,764, 0.081858
6,765, 0.082185
6,766, 0.082591
6,767, 0.082568
6,768, 0.082997
6,769, 0.082929
6,770, 0.083263
6,771, 0.083590
6,772, 0.083619
6,773, 0.084062
6,774, 0.083992
6,775, 0.084345
6,776, 0.084682
6,777, 0.084760
6,778, 0.085171
6,779, 0.085117
6,780, 0.085440
6,781, 0.085806
6,782, 0.085738
6,783, 0.086151
6,784, 0.086171
6,785, 0.086507
6,786, 0.086878
6,787, 0.086895
6,788, 0.087310
6,789, 0.087323
6,790, 0.087706
6,791, 0.088056
6,792, 0.088004
6,793, 0.088517
6,794, 0.088498
6,795, 0.088835
6,796, 0.089164
6,797, 0.089149
6,798, 0.089580
6,799, 0.089624
6,800, 0.089934
6,801, 0.090280
6,802, 0.090244
6,803, 0.090722
6,804, 0.090685
6,805, 0.091117
6,806, 0.091431
6,807, 0.091381
6,808, 0.091829
6,809, 0.091801
6,810, 0.092209
6,811, 0.092582
6,812, 0.092528
6,813, 0.093009
6,814, 0.092909
6,815, 0.093276
6,816, 0.093643
6,817, 0.093666
6,818, 0.094119
6,819, 0.094112
6,820, 0.094411
6,821, 0.094875
6,822, 0.094835
6,823, 0.095339
6,824, 0.095222
6,825, 0.095684
6,826, 0.095901
6,827, 0.095922
6,828, 0.096443
6,829, 0.096459
6,830, 0.096838
6,831, 0.097210
6,832, 0.097138
6,833, 0.097674
6,834, 0.097627
6,835, 0.097917
6,836, 0.098429
6,837, 0.098376
6,838, 0.098829
6,839, 0.098715
6,840, 0.099184
6,841, 0.099474
6,842, 0.099480
6,843, 0.100000
6,844, 0.099914
6,845, 0.100272
6,846, 0.100618
6,847, 0.100671
6,848, 0.101072
6,849, 0.101102
6,850, 0.101415
6,851, 0.101831
6,852, 0.101837
6,853, 0.102262
6,854, 0.102308
6,855, 0.102687
6,856, 0.103037
6,857, 0.103098
6,858, 0.103485
6,859, 0.103494
6,860, 0.103891
6,861, 0.104291
6,862, 0.104362
6,863, 0.104795
6,864, 0.104736
6,865, 0.105140
6,866, 0.105597
6,867, 0.105460
6,868, 0.105932
6,869, 0.106018
6,870, 0.106383
6,871, 0.106746
6,872, 0.106675
6,873, 0.107138
6,874, 0.107152
6,875, 0.107545
6,876, 0.107924
6,877, 0.107902
6,878, 0.108387
6,879, 0.108305
6,880, 0.108811
6,881, 0.109264
6,882, 0.109098
6,883, 0.109761
6,884, 0.109664
6,885, 0.110065
6,886, 0.110508
6,887, 0.110472
6,888, 0.110908
6,889, 0.110842
6,890, 0.111244
6,891, 0.111636
6,892, 0.111628
6,893, 0.112143
6,894, 0.112058
6,895, 0.112492
6,896, 0.112844
6,897, 0.112855
6,898, 0.113358
6,899, 0.113390
6,900, 0.113874
6,901, 0.114193
6,902, 0.114103
6,903, 0.114598
6,904, 0.114670
6,905, 0.115043
6,906, 0.115362
6,907, 0.115424
6,908, 0.115976
6,909, 0.115912
6,910, 0.116389
6,911, 0.116731
6,912, 0.116755
6,913, 0.117349
6,914, 0.117239
6,915, 0.117633
6,916, 0.118022
6,917, 0.117992
6,918, 0.118542
6,919, 0.118495
6,920, 0.118952
6,921, 0.119290
6,922, 0.119282
6,923, 0.119801
6,924, 0.119717
6,925, 0.120177
6,926, 0.120532
6,927, 0.120555
6,928, 0.121051
6,929, 0.121045
6,930, 0.121433
6,931, 0.121887
6,932, 0.121852
6,933, 0.122314
6,934, 0.122343
6,935, 0.122756
6,936, 0.123241
6,937, 0.123197
6,938, 0.123668
6,939, 0.123660
6,940, 0.124083
6,941, 0.124554
6,942, 0.124551
6,943, 0.125095
6,944, 0.124976
6,945, 0.125486
6,946, 0.125864
6,947, 0.125811
6,948, 0.126446
6,949, 0.126394
6,950, 0.126719
6,951, 0.127154
6,952, 0.127134
6,953, 0.127811
6,954, 0.127738
6,955, 0.128093
6,956, 0.128505
6,957, 0.128559
6,958, 0.129077
6,959, 0.128975
6,960, 0.129456
6,961, 0.129963
6,962, 0.129794
6,963, 0.130360
6,964, 0.130378
6,965, 0.130816
6,966, 0.131316
6,967, 0.131245
6,968, 0.131793
6,969, 0.131769
6,970, 0.132238
6,971, 0.132672
6,972, 0.132588
6,973, 0.133099
6,974, 0.133071
6,975, 0.133427
6,976, 0.134042
6,977, 0.133971
6,978, 0.134588
6,979, 0.134545
6,980, 0.134961
6,981, 0.135389
6,982, 0.135416
6,983, 0.135882
6,984, 0.135852
6,985, 0.136337
6,986, 0.136652
6,987, 0.136674
6,988, 0.137187
6,989, 0.137110
6,990, 0.137630
6,991, 0.138177
6,992, 0.138122
6,993, 0.138741
6,994, 0.138695
6,995, 0.139049
6,996, 0.139583
6,997, 0.139481
6,998, 0.140077
6,999, 0.140127
6,1000, 0.140501
6,1001, 0.140936
6,1002, 0.140884
6,1003, 0.141456
6,1004, 0.141392
6,1005, 0.141834
6,1006, 0.142406
6,1007, 0.142324
6,1008, 0.142898
6,1009, 0.142886
6,1010, 0.143406
6,1011, 0.143866
6,1012, 0.143776
6,1013, 0.144401
6,1014, 0.144303
6,1015, 0.144638
6,1016, 0.145190
6,1017, 0.145122
6,1018, 0.145678
6,1019, 0.145539
6,1020, 0.146104
6,1021, 0.146551
6,1022, 0.146636
6,1023, 0.147232
6,1024, 0.147219
6,1025, 0.147684
6,1026, 0.148076
6,1027, 0.148103
6,1028, 0.148667
6,1029, 0.148498
6,1030, 0.148946
6,1031, 0.149493
6,1032, 0.149466
6,1033, 0.149945
6,1034, 0.150074
6,1035, 0.150507
6,1036, 0.150919
6,1037, 0.150985
6,1038, 0.151558
6,1039, 0.151462
6,1040, 0.152064
6,1041, 0.152434
6,1042, 0.152427
6,1043, 0.153017
6,1044, 0.152906
6,1045, 0.153406
6,1046, 0.153862
6,1047, 0.153857
6,1048, 0.154451
6,1049, 0.154469
6,1050, 0.154932
6,1051, 0.155329
6,1052, 0.155291
6,1053, 0.155966
6,1054, 0.155871
6,1055, 0.156548
6,1056, 0.156872
6,1057, 0.156894
6,1058, 0.157485
6,1059, 0.157419
6,1060, 0.158008
6,1061, 0.158301
6,1062, 0.158410
6,1063, 0.158925
6,1064, 0.158977
6,1065, 0.159322
6,1066, 0.159937
6,1067, 0.159906
6,1068, 0.160439
6,1069, 0.160385
6,1070, 0.160803
6,1071, 0.161283
6,1072, 0.161268
6,1073, 0.161889
6,1074, 0.161966
6,1075, 0.162416
6,1076, 0.162863
6,1077, 0.162935
6,1078, 0.163471
6,1079, 0.163528
6,1080, 0.163910
6,1081, 0.164487
6,1082, 0.164436
6,1083, 0.165027
6,1084, 0.165005
6,1085, 0.165487
6,1086, 0.165947
6,1087, 0.165928
6,1088, 0.166476
6,1089, 0.166342
6,1090, 0.166877
6,1091, 0.167320
6,1092, 0.167482
6,1093, 0.168081
6,1094, 0.167979
6,1095, 0.168396
6,1096, 0.168934
6,1097, 0.168875
6,1098, 0.169610
6,1099, 0.169455
6,1100, 0.169922
6,1101, 0.170434
6,1102, 0.170431
6,1103, 0.170993
6,1104, 0.171092
6,1105, 0.171526
6,1106, 0.171961
6,1107, 0.171985
6,1108, 0.172582
6,1109, 0.172605
6,1110, 0.173120
6,1111, 0.173683
6,1112, 0.173683
6,1113, 0.174297
6,1114, 0.174216
6,1115, 0.174671
6,1116, 0.175364
6,1117, 0.175104
6,1118, 0.175722
6,1119, 0.175727
6,1120, 0.176165
6,1121, 0.176909
6,1122, 0.176771
6,1123, 0.177416
6,1124, 0.177409
6,1125, 0.177843
6,1126, 0.178421
6,1127, 0.178400
6,1128, 0.178986
6,1129, 0.179002
6,1130, 0.179497
6,1131, 0.180033
6,1132, 0.179995
6,1133, 0.180590
6,1134, 0.180568
6,1135, 0.181109
6,1136, 0.181592
6,1137, 0.181507
6,1138, 0.182183
6,1139, 0.182135
6,1140, 0.182538
6,1141, 0.183158
6,1142, 0.183017
6,1143, 0.183728
6,1144, 0.183659
6,1145, 0.184149
6,1146, 0.184698
6,1147, 0.184629
6,1148, 0.185376
6,1149, 0.185358
6,1150, 0.185827
6,1151, 0.186311
6,1152, 0.186221
6,1153, 0.186979
6,1154, 0.186919
6,1155, 0.187491
6,1156, 0.187922
6,1157, 0.187930
6,1158, 0.188544
6,1159, 0.188532
6,1160, 0.189191
6,1161, 0.189541
6,1162, 0.189562
6,1163, 0.190214
6,1164, 0.190131
6,1165, 0.190686
6,1166, 0.191170
6,1167, 0.191110
6,1168, 0.191800
6,1169, 0.191783
6,1170, 0.192346
6,1171, 0.192931
6,1172, 0.192756
6,1173, 0.193456
6,1174, 0.193429
6,1175, 0.194044
6,1176, 0.194488
6,1177, 0.194523
6,1178, 0.195077
6,1179, 0.195025
6,1180, 0.195620
6,1181, 0.196136
6,1182, 0.196193
6,1183, 0.196887
6,1184, 0.196858
6,1185, 0.197363
6,1186, 0.197814
6,1187, 0.197742
6,1188, 0.198430
6,1189, 0.198347
6,1190, 0.198968
6,1191, 0.199548
6,1192, 0.199552
6,1193, 0.200121
6,1194, 0.200080
6,1195, 0.200772
6,1196, 0.201322
6,1197, 0.201219
6,1198, 0.201928
6,1199, 0.201855
6,1200, 0.202291
6,1201, 0.202857
6,1202, 0.202848
6,1203, 0.203624
6,1204, 0.203475
6,1205, 0.204121
6,1206, 0.204512
6,1207, 0.204431
6,1208, 0.205175
6,1209, 0.205126
6,1210, 0.205721
6,1211, 0.206388
6,1212, 0.206322
6,1213, 0.206829
6,1214, 0.206771
6,1215, 0.207508
6,1216, 0.208045
6,1217, 0.208021
6,1218, 0.208724
6,1219, 0.208643
6,1220, 0.209150
6,1221, 0.209640
6,1222, 0.209700
6,1223, 0.210406
6,1224, 0.210411
6,1225, 0.210773
6,1226, 0.211423
6,1227, 0.211410
6,1228, 0.212092
6,1229, 0.212124
6,1230, 0.212683
6,1231, 0.213237
6,1232, 0.213097
6,1233, 0.213815
6,1234, 0.213779
6,1235, 0.214315
6,1236, 0.214879
6,1237, 0.214843
6,1238, 0.215491
6,1239, 0.215375
6,1240, 0.215958
6,1241, 0.216604
6,1242, 0.216664
6,1243, 0.217333
6,1244, 0.217343
6,1245, 0.217859
6,1246, 0.218413
6,1247, 0.218349
6,1248, 0.219041
6,1249, 0.218895
6,1250, 0.219456
6,1251, 0.220232
6,1252, 0.220146
6,1253, 0.220757
6,1254, 0.220641
6,1255, 0.221155
6,1256, 0.221849
6,1257, 0.221718
6,1258, 0.222456
6,1259, 0.222309
6,1260, 0.223114
6,1261, 0.223726
6,1262, 0.223619
6,1263, 0.224240
6,1264, 0.224135
6,1265, 0.224766
6,1266, 0.225439
6,1267, 0.225386
6,1268, 0.226229
6,1269, 0.226080
6,1270, 0.226569
6,1271, 0.227115
6,1272, 0.227168
6,1273, 0.227739
6,1274, 0.227700
6,1275, 0.228595
6,1276, 0.228993
6,1277, 0.228877
6,1278, 0.229645
6,1279, 0.229539
6,1280, 0.230111
6,1281, 0.230761
6,1282, 0.230686
6,1283, 0.231406
6,1284, 0.231535
6,1285, 0.232066
6,1286, 0.232637
6,1287, 0.232559
6,1288, 0.233346
6,1289, 0.233084
6,1290, 0.233654
6,1291, 0.234365
6,1292, 0.234251
6,1293, 0.235066
6,1294, 0.234916
6,1295, 0.235461
6,1296, 0.236235
6,1297, 0.236070
6,1298, 0.236981
6,1299, 0.236867
6,1300, 0.237437
6,1301, 0.238098
6,1302, 0.238129
6,1303, 0.238740
6,1304, 0.238793
6,1305, 0.239260
6,1306, 0.239831
6,1307, 0.239858
6,1308, 0.240593
6,1309, 0.240520
6,1310, 0.240989
6,1311, 0.241603
6,1312, 0.241544
6,1313, 0.242565
6,1314, 0.242368
6,1315, 0.242988
6,1316, 0.243654
6,1317, 0.243550
6,1318, 0.244301
6,1319, 0.244252
6,1320, 0.244831
6,1321, 0.245474
6,1322, 0.245439
6,1323, 0.246133
6,1324, 0.246088
6,1325, 0.246603
6,1326, 0.247327
6,1327, 0.247108
6,1328, 0.247879
6,1329, 0.247920
6,1330, 0.248641
6,1331, 0.249175
6,1332, 0.249121
6,1333, 0.249836
6,1334, 0.249836
6,1335, 0.250445
6,1336, 0.251005
6,1337, 0.251017
6,1338, 0.251854
6,1339, 0.251715
6,1340, 0.252468
6,1341, 0.252863
6,1342, 0.252776
6,1343, 0.253554
6,1344, 0.253430
6,1345, 0.254202
6,1346, 0.254858
6,1347, 0.254565
6,1348, 0.255438
6,1349, 0.255417
6,1350, 0.256157
6,1351, 0.256784
6,1352, 0.256745
6,1353, 0.257441
6,1354, 0.257501
6,1355, 0.258001
6,1356, 0.258500
6,1357, 0.258394
6,1358, 0.259259
6,1359, 0.259212
6,1360, 0.259908
6,1361, 0.260537
6,1362, 0.260501
6,1363, 0.261362
6,1364, 0.261250
6,1365, 0.261724
6,1366, 0.262282
6,1367, 0.262247
6,1368, 0.263049
6,1369, 0.263233
6,1370, 0.263761
6,1371, 0.264467
6,1372, 0.264193
6,1373, 0.265058
6,1374, 0.264899
6,1375, 0.265599
6,1376, 0.266483
6,1377, 0.266416
6,1378, 0.266990
6,1379, 0.266870
6,1380, 0.267637
6,1381, 0.268299
6,1382, 0.268289
6,1383, 0.269090
6,1384, 0.269031
6,1385, 0.269724
6,1386, 0.270289
6,1387, 0.270111
6,1388, 0.270795
6,1389, 0.270894
6,1390, 0.271599
6,1391, 0.272150
6,1392, 0.272231
6,1393, 0.273018
6,1394, 0.272854
6,1395, 0.273455
6,1396, 0.274055
6,1397, 0.274161
6,1398, 0.274966
6,1399, 0.274794
6,1400, 0.275508
6,1401, 0.276063
6,1402, 0.275958
6,1403, 0.276803
6,1404, 0.276835
6,1405, 0.277470
6,1406, 0.278035
6,1407, 0.278182
6,1408, 0.278842
6,1409, 0.278742
6,1410, 0.279261
6,1411, 0.280008
6,1412, 0.280119
6,1413, 0.280967
6,1414, 0.280737
6,1415, 0.281540
6,1416, 0.281949
6,1417, 0.281934
6,1418, 0.282735
6,1419, 0.282860
6,1420, 0.283467
6,1421, 0.283924
6,1422, 0.283795
6,1423, 0.284674
6,1424, 0.284834
6,1425, 0.285447
6,1426, 0.286074
6,1427, 0.286043
6,1428, 0.286722
6,1429, 0.286923
6,1430, 0.287251
6,1431, 0.287924
6,1432, 0.287852
6,1433, 0.288656
6,1434, 0.288871
6,1435, 0.289456
6,1436, 0.290224
6,1437, 0.289959
6,1438, 0.290615
6,1439, 0.290628
6,1440, 0.291483
6,1441, 0.292184
6,1442, 0.292051
6,1443, 0.292983
6,1444, 0.292665
6,1445, 0.293440
6,1446, 0.294128
6,1447, 0.294056
6,1448, 0.294858
6,1449, 0.294977
6,1450, 0.295640
6,1451, 0.296118
6,1452, 0.295988
6,1453, 0.296886
6,1454, 0.296914
6,1455, 0.297711
6,1456, 0.298183
6,1457, 0.298166
6,1458, 0.298923
6,1459, 0.298849
6,1460, 0.299484
6,1461, 0.300475
6,1462, 0.300418
6,1463, 0.301080
6,1464, 0.301013
6,1465, 0.301585
6,1466, 0.302158
6,1467, 0.302308
6,1468, 0.303197
6,1469, 0.303149
6,1470, 0.303702
6,1471, 0.304430
6,1472, 0.304230
6,1473, 0.305146
6,1474, 0.305215
6,1475, 0.305999
6,1476, 0.306445
6,1477, 0.306517
6,1478, 0.307271
6,1479, 0.307292
6,1480, 0.308013
6,1481, 0.308571
6,1482, 0.308682
6,1483, 0.309166
6,1484, 0.309253
6,1485, 0.309924
6,1486, 0.310539
6,1487, 0.310638
6,1488, 0.311438
6,1489, 0.311273
6,1490, 0.311934
6,1491, 0.312677
6,1492, 0.312527
6,1493, 0.313515
6,1494, 0.313561
6,1495, 0.314247
6,1496, 0.314894
6,1497, 0.314762
6,1498, 0.315589
6,1499, 0.315418
6,1500, 0.316311
