10,500, 0.023734
10,501, 0.022181
10,502, 0.022512
10,503, 0.022507
10,504, 0.022782
10,505, 0.032397
10,506, 0.022513
10,507, 0.022927
10,508, 0.022654
10,509, 0.022940
10,510, 0.022782
10,511, 0.023084
10,512, 0.023074
10,513, 0.023224
10,514, 0.023369
10,515, 0.023361
10,516, 0.023660
10,517, 0.023489
10,518, 0.023804
10,519, 0.023652
10,520, 0.023942
10,521, 0.023800
10,522, 0.024072
10,523, 0.024230
10,524, 0.024088
10,525, 0.024632
10,526, 0.024232
10,527, 0.024649
10,528, 0.024371
10,529, 0.024787
10,530, 0.024666
10,531, 0.024940
10,532, 0.024949
10,533, 0.025082
10,534, 0.025517
10,535, 0.025222
10,536, 0.025663
10,537, 0.025249
10,538, 0.025644
10,539, 0.025655
10,540, 0.025804
10,541, 0.025949
10,542, 0.025940
10,543, 0.026240
10,544, 0.026080
10,545, 0.026519
10,546, 0.026096
10,547, 0.026521
10,548, 0.026518
10,549, 0.026663
10,550, 0.026803
10,551, 0.026799
10,552, 0.027098
10,553, 0.026926
10,554, 0.027239
10,555, 0.026952
10,556, 0.027360
10,557, 0.027375
10,558, 0.027517
10,559, 0.027664
10,560, 0.027654
10,561, 0.027951
10,562, 0.027793
10,563, 0.028098
10,564, 0.027937
10,565, 0.028245
10,566, 0.028222
10,567, 0.028377
10,568, 0.028522
10,569, 0.028515
10,570, 0.028955
10,571, 0.028654
10,572, 0.029092
10,573, 0.028805
10,574, 0.029115
10,575, 0.029080
10,576, 0.029236
10,577, 0.029516
10,578, 0.029382
10,579, 0.029807
10,580, 0.029531
10,581, 0.029954
10,582, 0.029675
10,583, 0.030078
10,584, 0.029972
10,585, 0.030091
10,586, 0.030375
10,587, 0.030240
10,588, 0.030668
10,589, 0.030389
10,590, 0.030814
10,591, 0.030516
10,592, 0.030963
10,593, 0.030808
10,594, 0.031092
10,595, 0.031246
10,596, 0.031236
10,597, 0.031539
10,598, 0.031526
10,599, 0.031813
10,600, 0.031398
10,601, 0.032090
10,602, 0.031966
10,603, 0.032104
10,604, 0.032384
10,605, 0.032258
10,606, 0.032667
10,607, 0.032391
10,608, 0.032814
10,609, 0.032532
10,610, 0.032962
10,611, 0.032834
10,612, 0.033087
10,613, 0.033252
10,614, 0.033256
10,615, 0.033684
10,616, 0.033255
10,617, 0.033812
10,618, 0.033531
10,619, 0.033838
10,620, 0.033811
10,621, 0.033981
10,622, 0.034230
10,623, 0.034123
10,624, 0.034532
10,625, 0.034249
10,626, 0.034693
10,627, 0.034387
10,628, 0.034825
10,629, 0.034864
10,630, 0.034930
10,631, 0.035249
10,632, 0.035119
10,633, 0.035542
10,634, 0.035262
10,635, 0.035688
10,636, 0.035391
10,637, 0.035828
10,638, 0.035824
10,639, 0.035976
10,640, 0.036120
10,641, 0.036109
10,642, 0.036548
10,643, 0.036259
10,644, 0.036693
10,645, 0.036400
10,646, 0.036833
10,647, 0.036828
10,648, 0.036991
10,649, 0.037245
10,650, 0.037123
10,651, 0.037553
10,652, 0.037250
10,653, 0.037692
10,654, 0.037413
10,655, 0.037831
10,656, 0.037840
10,657, 0.037971
10,658, 0.038274
10,659, 0.038261
10,660, 0.038553
10,661, 0.038404
10,662, 0.038703
10,663, 0.038553
10,664, 0.038980
10,665, 0.038976
10,666, 0.039133
10,667, 0.039410
10,668, 0.039276
10,669, 0.039705
10,670, 0.039408
10,671, 0.039838
10,672, 0.039552
10,673, 0.039991
10,674, 0.039979
10,675, 0.040137
10,676, 0.040408
10,677, 0.040284
10,678, 0.040832
10,679, 0.040420
10,680, 0.040984
10,681, 0.040568
10,682, 0.041131
10,683, 0.040987
10,684, 0.041275
10,685, 0.041423
10,686, 0.041414
10,687, 0.041851
10,688, 0.041497
10,689, 0.042065
10,690, 0.041569
10,691, 0.042126
10,692, 0.042138
10,693, 0.042280
10,694, 0.042559
10,695, 0.042447
10,696, 0.042843
10,697, 0.042563
10,698, 0.043144
10,699, 0.042706
10,700, 0.043144
10,701, 0.043136
10,702, 0.043421
10,703, 0.043588
10,704, 0.043561
10,705, 0.044006
10,706, 0.043699
10,707, 0.044149
10,708, 0.043863
10,709, 0.044283
10,710, 0.044278
10,711, 0.044429
10,712, 0.044710
10,713, 0.044579
10,714, 0.045010
10,715, 0.044868
10,716, 0.045420
10,717, 0.045139
10,718, 0.045452
10,719, 0.045426
10,720, 0.045720
10,721, 0.046001
10,722, 0.045869
10,723, 0.046435
10,724, 0.046008
10,725, 0.046578
10,726, 0.046168
10,727, 0.046572
10,728, 0.046577
10,729, 0.046864
10,730, 0.047013
10,731, 0.047007
10,732, 0.047446
10,733, 0.047148
10,734, 0.047725
10,735, 0.047311
10,736, 0.047729
10,737, 0.047718
10,738, 0.048010
10,739, 0.048307
10,740, 0.048159
10,741, 0.048575
10,742, 0.048294
10,743, 0.048871
10,744, 0.048448
10,745, 0.049016
10,746, 0.048886
10,747, 0.049152
10,748, 0.049312
10,749, 0.049309
10,750, 0.049727
10,751, 0.049445
10,752, 0.050015
10,753, 0.049598
10,754, 0.050162
10,755, 0.050023
10,756, 0.050305
10,757, 0.050461
10,758, 0.050443
10,759, 0.051028
10,760, 0.050602
10,761, 0.051152
10,762, 0.050748
10,763, 0.051305
10,764, 0.051185
10,765, 0.051592
10,766, 0.051889
10,767, 0.051746
10,768, 0.052304
10,769, 0.051888
10,770, 0.052448
10,771, 0.052033
10,772, 0.052595
10,773, 0.052593
10,774, 0.052745
10,775, 0.053034
10,776, 0.052896
10,777, 0.053456
10,778, 0.053164
10,779, 0.053748
10,780, 0.053320
10,781, 0.053895
10,782, 0.053746
10,783, 0.053902
10,784, 0.054176
10,785, 0.054173
10,786, 0.054609
10,787, 0.054320
10,788, 0.054903
10,789, 0.054595
10,790, 0.055045
10,791, 0.054909
10,792, 0.055171
10,793, 0.055466
10,794, 0.055458
10,795, 0.055908
10,796, 0.055603
10,797, 0.056053
10,798, 0.055747
10,799, 0.056333
10,800, 0.056184
10,801, 0.056471
10,802, 0.056632
10,803, 0.056613
10,804, 0.057175
10,805, 0.056762
10,806, 0.057342
10,807, 0.057027
10,808, 0.057485
10,809, 0.057476
10,810, 0.057755
10,811, 0.057910
10,812, 0.057895
10,813, 0.058363
10,814, 0.058170
10,815, 0.058631
10,816, 0.058328
10,817, 0.058911
10,818, 0.058779
10,819, 0.059176
10,820, 0.059338
10,821, 0.059336
10,822, 0.059912
10,823, 0.059485
10,824, 0.060053
10,825, 0.059631
10,826, 0.060197
10,827, 0.060058
10,828, 0.060345
10,829, 0.060627
10,830, 0.060632
10,831, 0.061199
10,832, 0.060638
10,833, 0.061332
10,834, 0.060930
10,835, 0.061478
10,836, 0.061355
10,837, 0.061640
10,838, 0.061903
10,839, 0.061781
10,840, 0.062487
10,841, 0.061945
10,842, 0.062613
10,843, 0.062207
10,844, 0.062782
10,845, 0.062635
10,846, 0.062920
10,847, 0.063213
10,848, 0.063082
10,849, 0.063635
10,850, 0.063202
10,851, 0.063922
10,852, 0.063497
10,853, 0.064071
10,854, 0.063929
10,855, 0.064213
10,856, 0.064502
10,857, 0.064496
10,858, 0.065070
10,859, 0.064643
10,860, 0.065223
10,861, 0.064786
10,862, 0.065499
10,863, 0.065359
10,864, 0.065664
10,865, 0.066058
10,866, 0.065942
10,867, 0.066503
10,868, 0.066085
10,869, 0.066781
10,870, 0.066366
10,871, 0.066952
10,872, 0.066924
10,873, 0.067082
10,874, 0.067370
10,875, 0.067359
10,876, 0.067944
10,877, 0.067508
10,878, 0.068091
10,879, 0.067662
10,880, 0.068353
10,881, 0.068233
10,882, 0.068504
10,883, 0.068807
10,884, 0.068668
10,885, 0.069234
10,886, 0.068791
10,887, 0.069510
10,888, 0.069096
10,889, 0.069659
10,890, 0.069522
10,891, 0.069934
10,892, 0.070249
10,893, 0.070080
10,894, 0.070680
10,895, 0.070222
10,896, 0.070943
10,897, 0.070394
10,898, 0.070950
10,899, 0.070948
10,900, 0.071236
10,901, 0.071533
10,902, 0.071394
10,903, 0.072222
10,904, 0.071675
10,905, 0.072387
10,906, 0.071948
10,907, 0.072535
10,908, 0.072509
10,909, 0.072812
10,910, 0.073112
10,911, 0.072959
10,912, 0.073661
10,913, 0.073245
10,914, 0.073827
10,915, 0.073381
10,916, 0.073982
10,917, 0.073804
10,918, 0.074244
10,919, 0.074532
10,920, 0.074393
10,921, 0.074976
10,922, 0.074525
10,923, 0.075248
10,924, 0.074684
10,925, 0.075403
10,926, 0.075247
10,927, 0.075539
10,928, 0.075823
10,929, 0.075819
10,930, 0.076410
10,931, 0.075974
10,932, 0.076674
10,933, 0.076252
10,934, 0.076831
10,935, 0.076819
10,936, 0.077118
10,937, 0.077407
10,938, 0.077258
10,939, 0.077839
10,940, 0.077780
10,941, 0.078165
10,942, 0.077688
10,943, 0.078407
10,944, 0.078254
10,945, 0.078559
10,946, 0.078840
10,947, 0.078681
10,948, 0.079410
10,949, 0.078982
10,950, 0.079700
10,951, 0.079269
10,952, 0.079838
10,953, 0.079837
10,954, 0.080131
10,955, 0.080410
10,956, 0.080269
10,957, 0.080978
10,958, 0.080551
10,959, 0.081272
10,960, 0.080851
10,961, 0.081409
10,962, 0.081273
10,963, 0.081568
10,964, 0.081976
10,965, 0.081850
10,966, 0.082560
10,967, 0.082008
10,968, 0.082700
10,969, 0.082266
10,970, 0.082997
10,971, 0.082845
10,972, 0.083135
10,973, 0.083425
10,974, 0.083281
10,975, 0.083991
10,976, 0.083574
10,977, 0.084144
10,978, 0.083714
10,979, 0.084422
10,980, 0.084279
10,981, 0.084575
10,982, 0.084977
10,983, 0.084730
10,984, 0.085418
10,985, 0.084998
10,986, 0.085726
10,987, 0.085274
10,988, 0.086010
10,989, 0.085717
10,990, 0.086296
10,991, 0.086572
10,992, 0.086448
10,993, 0.087141
10,994, 0.086713
10,995, 0.087432
10,996, 0.087016
10,997, 0.087588
10,998, 0.087436
10,999, 0.087867
10,1000, 0.088156
10,1001, 0.088006
10,1002, 0.088730
10,1003, 0.088293
10,1004, 0.089003
10,1005, 0.088449
10,1006, 0.089164
10,1007, 0.089020
10,1008, 0.089288
10,1009, 0.089743
10,1010, 0.089574
10,1011, 0.090319
10,1012, 0.089854
10,1013, 0.090469
10,1014, 0.090004
10,1015, 0.090746
10,1016, 0.090724
10,1017, 0.091012
10,1018, 0.091310
10,1019, 0.091039
10,1020, 0.091875
10,1021, 0.091306
10,1022, 0.092028
10,1023, 0.091736
10,1024, 0.092455
10,1025, 0.092311
10,1026, 0.092594
10,1027, 0.093017
10,1028, 0.092899
10,1029, 0.093596
10,1030, 0.093028
10,1031, 0.093894
10,1032, 0.093307
10,1033, 0.094033
10,1034, 0.093892
10,1035, 0.094182
10,1036, 0.094588
10,1037, 0.094480
10,1038, 0.095320
10,1039, 0.094734
10,1040, 0.095475
10,1041, 0.094893
10,1042, 0.095607
10,1043, 0.095597
10,1044, 0.095900
10,1045, 0.096186
10,1046, 0.096046
10,1047, 0.102481
10,1048, 0.096335
10,1049, 0.097045
10,1050, 0.096597
10,1051, 0.097327
10,1052, 0.097198
10,1053, 0.097608
10,1054, 0.097903
10,1055, 0.097767
10,1056, 0.098464
10,1057, 0.097899
10,1058, 0.098760
10,1059, 0.098199
10,1060, 0.099183
10,1061, 0.098912
10,1062, 0.099338
10,1063, 0.099632
10,1064, 0.099468
10,1065, 0.100197
10,1066, 0.099758
10,1067, 0.100492
10,1068, 0.100060
10,1069, 0.100631
10,1070, 0.100613
10,1071, 0.100909
10,1072, 0.101201
10,1073, 0.101202
10,1074, 0.101906
10,1075, 0.101363
10,1076, 0.102049
10,1077, 0.101632
10,1078, 0.102342
10,1079, 0.102348
10,1080, 0.102486
10,1081, 0.102933
10,1082, 0.102773
10,1083, 0.103636
10,1084, 0.103052
10,1085, 0.103784
10,1086, 0.103325
10,1087, 0.104208
10,1088, 0.104072
10,1089, 0.104497
10,1090, 0.104805
10,1091, 0.104508
10,1092, 0.105360
10,1093, 0.104797
10,1094, 0.105664
10,1095, 0.105081
10,1096, 0.105792
10,1097, 0.105671
10,1098, 0.106071
10,1099, 0.106383
10,1100, 0.106230
10,1101, 0.107080
10,1102, 0.106520
10,1103, 0.107761
10,1104, 0.106851
10,1105, 0.107670
10,1106, 0.107507
10,1107, 0.107952
10,1108, 0.108235
10,1109, 0.108094
10,1110, 0.108818
10,1111, 0.108239
10,1112, 0.109096
10,1113, 0.108515
10,1114, 0.109241
10,1115, 0.109242
10,1116, 0.109524
10,1117, 0.109972
10,1118, 0.109805
10,1119, 0.110528
10,1120, 0.109952
10,1121, 0.110957
10,1122, 0.110393
10,1123, 0.111090
10,1124, 0.111103
10,1125, 0.111399
10,1126, 0.111683
10,1127, 0.111670
10,1128, 0.112399
10,1129, 0.111969
10,1130, 0.112673
10,1131, 0.112110
10,1132, 0.112958
10,1133, 0.112832
10,1134, 0.113119
10,1135, 0.113524
10,1136, 0.113415
10,1137, 0.114242
10,1138, 0.113698
10,1139, 0.114530
10,1140, 0.113849
10,1141, 0.114814
10,1142, 0.114694
10,1143, 0.114980
10,1144, 0.115398
10,1145, 0.115256
10,1146, 0.115981
10,1147, 0.115545
10,1148, 0.116267
10,1149, 0.115690
10,1150, 0.116554
10,1151, 0.116417
10,1152, 0.116837
10,1153, 0.117122
10,1154, 0.116980
10,1155, 0.117852
10,1156, 0.117260
10,1157, 0.117989
10,1158, 0.117558
10,1159, 0.118418
10,1160, 0.118135
10,1161, 0.118562
10,1162, 0.118986
10,1163, 0.118829
10,1164, 0.119570
10,1165, 0.118992
10,1166, 0.119849
10,1167, 0.119277
10,1168, 0.120132
10,1169, 0.120003
10,1170, 0.120417
10,1171, 0.120850
10,1172, 0.120704
10,1173, 0.121586
10,1174, 0.120998
10,1175, 0.121837
10,1176, 0.121290
10,1177, 0.122144
10,1178, 0.121988
10,1179, 0.122420
10,1180, 0.122743
10,1181, 0.122558
10,1182, 0.123422
10,1183, 0.122868
10,1184, 0.123728
10,1185, 0.123142
10,1186, 0.124005
10,1187, 0.123871
10,1188, 0.124289
10,1189, 0.124577
10,1190, 0.124576
10,1191, 0.125162
10,1192, 0.124732
10,1193, 0.125574
10,1194, 0.125001
10,1195, 0.125882
10,1196, 0.125719
10,1197, 0.126016
10,1198, 0.126443
10,1199, 0.126308
10,1200, 0.127167
10,1201, 0.126571
10,1202, 0.127447
10,1203, 0.126885
10,1204, 0.127592
10,1205, 0.127594
10,1206, 0.128016
10,1207, 0.128453
10,1208, 0.128313
10,1209, 0.129153
10,1210, 0.128452
10,1211, 0.129446
10,1212, 0.128886
10,1213, 0.129586
10,1214, 0.129464
10,1215, 0.129885
10,1216, 0.130313
10,1217, 0.130165
10,1218, 0.131047
10,1219, 0.130457
10,1220, 0.131314
10,1221, 0.130595
10,1222, 0.131467
10,1223, 0.131320
10,1224, 0.131747
10,1225, 0.132180
10,1226, 0.131892
10,1227, 0.132896
10,1228, 0.132177
10,1229, 0.133173
10,1230, 0.132482
10,1231, 0.133469
10,1232, 0.133198
10,1233, 0.133734
10,1234, 0.134042
10,1235, 0.134028
10,1236, 0.134895
10,1237, 0.134344
10,1238, 0.135182
10,1239, 0.134464
10,1240, 0.135479
10,1241, 0.135203
10,1242, 0.135751
10,1243, 0.136200
10,1244, 0.136056
10,1245, 0.136894
10,1246, 0.136335
10,1247, 0.137204
10,1248, 0.136628
10,1249, 0.137484
10,1250, 0.137334
10,1251, 0.137776
10,1252, 0.138042
10,1253, 0.137929
10,1254, 0.138909
10,1255, 0.138207
10,1256, 0.139058
10,1257, 0.138484
10,1258, 0.139337
10,1259, 0.139206
10,1260, 0.139645
10,1261, 0.140055
10,1262, 0.139935
10,1263, 0.140762
10,1264, 0.140065
10,1265, 0.141074
10,1266, 0.140350
10,1267, 0.141219
10,1268, 0.141195
10,1269, 0.141656
10,1270, 0.142057
10,1271, 0.141938
10,1272, 0.142933
10,1273, 0.142218
10,1274, 0.143217
10,1275, 0.142644
10,1276, 0.143346
10,1277, 0.143224
10,1278, 0.143651
10,1279, 0.143933
10,1280, 0.143939
10,1281, 0.144790
10,1282, 0.144213
10,1283, 0.145093
10,1284, 0.144510
10,1285, 0.145367
10,1286, 0.145209
10,1287, 0.145664
10,1288, 0.146076
10,1289, 0.145937
10,1290, 0.146953
10,1291, 0.146227
10,1292, 0.147225
10,1293, 0.146659
10,1294, 0.147368
10,1295, 0.147247
10,1296, 0.147656
10,1297, 0.148091
10,1298, 0.148097
10,1299, 0.148793
10,1300, 0.148237
10,1301, 0.149249
10,1302, 0.148664
10,1303, 0.149532
10,1304, 0.149376
10,1305, 0.149820
10,1306, 0.150236
10,1307, 0.150143
10,1308, 0.151051
10,1309, 0.150393
10,1310, 0.151235
10,1311, 0.150684
10,1312, 0.151538
10,1313, 0.151531
10,1314, 0.151814
10,1315, 0.152257
10,1316, 0.152242
10,1317, 0.153107
10,1318, 0.152402
10,1319, 0.153254
10,1320, 0.152673
10,1321, 0.153538
10,1322, 0.153401
10,1323, 0.153971
10,1324, 0.154251
10,1325, 0.154114
10,1326, 0.155119
10,1327, 0.154391
10,1328, 0.155270
10,1329, 0.154829
10,1330, 0.155688
10,1331, 0.155403
10,1332, 0.155980
10,1333, 0.156403
10,1334, 0.156409
10,1335, 0.157269
10,1336, 0.156542
10,1337, 0.157558
10,1338, 0.156840
10,1339, 0.157846
10,1340, 0.157828
10,1341, 0.158267
10,1342, 0.158697
10,1343, 0.158561
10,1344, 0.159424
10,1345, 0.158812
10,1346, 0.159849
10,1347, 0.159133
10,1348, 0.159996
10,1349, 0.159843
10,1350, 0.160279
10,1351, 0.160703
10,1352, 0.160566
10,1353, 0.161432
10,1354, 0.160990
10,1355, 0.161717
10,1356, 0.161131
10,1357, 0.162143
10,1358, 0.161855
10,1359, 0.162425
10,1360, 0.162861
10,1361, 0.162579
10,1362, 0.163562
10,1363, 0.162999
10,1364, 0.163861
10,1365, 0.163292
10,1366, 0.164154
10,1367, 0.164153
10,1368, 0.164573
10,1369, 0.165014
10,1370, 0.164875
10,1371, 0.165716
10,1372, 0.165155
10,1373, 0.166154
10,1374, 0.165438
10,1375, 0.166448
10,1376, 0.166299
10,1377, 0.166721
10,1378, 0.167164
10,1379, 0.167015
10,1380, 0.167876
10,1381, 0.167160
10,1382, 0.168314
10,1383, 0.167585
10,1384, 0.168592
10,1385, 0.168450
10,1386, 0.168739
10,1387, 0.169322
10,1388, 0.169018
10,1389, 0.170149
10,1390, 0.169447
10,1391, 0.170346
10,1392, 0.169997
10,1393, 0.170887
10,1394, 0.170609
10,1395, 0.171168
10,1396, 0.171746
10,1397, 0.171611
10,1398, 0.172460
10,1399, 0.171749
10,1400, 0.172753
10,1401, 0.172174
10,1402, 0.173180
10,1403, 0.173040
10,1404, 0.173325
10,1405, 0.173760
10,1406, 0.173608
10,1407, 0.174612
10,1408, 0.173897
10,1409, 0.175050
10,1410, 0.174184
10,1411, 0.175187
10,1412, 0.175052
10,1413, 0.175612
10,1414, 0.175906
10,1415, 0.175911
10,1416, 0.176760
10,1417, 0.176049
10,1418, 0.177197
10,1419, 0.176625
10,1420, 0.177478
10,1421, 0.177338
10,1422, 0.178055
10,1423, 0.178208
10,1424, 0.178054
10,1425, 0.179196
10,1426, 0.178343
10,1427, 0.179345
10,1428, 0.178627
10,1429, 0.179779
10,1430, 0.179491
10,1431, 0.180061
10,1432, 0.180493
10,1433, 0.180350
10,1434, 0.181350
10,1435, 0.180758
10,1436, 0.181640
10,1437, 0.180926
10,1438, 0.181931
10,1439, 0.181902
10,1440, 0.182382
10,1441, 0.182637
10,1442, 0.182509
10,1443, 0.183644
10,1444, 0.182920
10,1445, 0.184080
10,1446, 0.183369
10,1447, 0.184209
10,1448, 0.184077
10,1449, 0.184657
10,1450, 0.185069
10,1451, 0.184943
10,1452, 0.185937
10,1453, 0.185228
10,1454, 0.186222
10,1455, 0.185516
10,1456, 0.186508
10,1457, 0.186516
10,1458, 0.187082
10,1459, 0.187524
10,1460, 0.187364
10,1461, 0.188374
10,1462, 0.187671
10,1463, 0.188671
10,1464, 0.188087
10,1465, 0.189082
10,1466, 0.188670
10,1467, 0.189374
10,1468, 0.189820
10,1469, 0.189662
10,1470, 0.190526
10,1471, 0.189813
10,1472, 0.190954
10,1473, 0.190243
10,1474, 0.191243
10,1475, 0.191100
10,1476, 0.191530
10,1477, 0.192108
10,1478, 0.191961
10,1479, 0.192966
10,1480, 0.192374
10,1481, 0.193401
10,1482, 0.192678
10,1483, 0.193680
10,1484, 0.193532
10,1485, 0.194111
10,1486, 0.194540
10,1487, 0.194252
10,1488, 0.195418
10,1489, 0.194529
10,1490, 0.195539
10,1491, 0.194983
10,1492, 0.196113
10,1493, 0.195832
10,1494, 0.196411
10,1495, 0.196827
10,1496, 0.196834
10,1497, 0.197855
10,1498, 0.197108
10,1499, 0.198132
10,1500, 0.197399
