11,500, 0.028353
11,501, 0.020233
11,502, 0.020177
11,503, 0.020392
11,504, 0.020320
11,505, 0.020504
11,506, 0.020622
11,507, 0.020568
11,508, 0.020801
11,509, 0.020728
11,510, 0.020903
11,511, 0.021037
11,512, 0.020998
11,513, 0.021201
11,514, 0.021161
11,515, 0.021322
11,516, 0.021447
11,517, 0.021435
11,518, 0.021625
11,519, 0.021615
11,520, 0.021749
11,521, 0.021891
11,522, 0.021838
11,523, 0.022083
11,524, 0.021940
11,525, 0.022163
11,526, 0.022312
11,527, 0.022230
11,528, 0.022465
11,529, 0.022388
11,530, 0.022583
11,531, 0.022720
11,532, 0.022695
11,533, 0.022890
11,534, 0.022844
11,535, 0.023023
11,536, 0.023175
11,537, 0.023121
11,538, 0.023346
11,539, 0.023293
11,540, 0.023452
11,541, 0.023592
11,542, 0.023520
11,543, 0.023786
11,544, 0.023696
11,545, 0.023908
11,546, 0.024001
11,547, 0.023986
11,548, 0.024186
11,549, 0.024181
11,550, 0.024291
11,551, 0.024499
11,552, 0.024427
11,553, 0.024648
11,554, 0.024572
11,555, 0.024771
11,556, 0.024928
11,557, 0.024920
11,558, 0.025113
11,559, 0.025057
11,560, 0.025212
11,561, 0.025404
11,562, 0.025292
11,563, 0.025594
11,564, 0.025470
11,565, 0.025707
11,566, 0.025795
11,567, 0.025803
11,568, 0.026000
11,569, 0.025931
11,570, 0.026131
11,571, 0.026266
11,572, 0.026232
11,573, 0.026510
11,574, 0.026414
11,575, 0.026600
11,576, 0.026722
11,577, 0.026730
11,578, 0.026920
11,579, 0.026871
11,580, 0.027062
11,581, 0.027247
11,582, 0.027149
11,583, 0.027378
11,584, 0.027324
11,585, 0.027501
11,586, 0.027707
11,587, 0.027645
11,588, 0.027871
11,589, 0.027802
11,590, 0.027987
11,591, 0.028159
11,592, 0.028090
11,593, 0.028389
11,594, 0.028293
11,595, 0.028473
11,596, 0.028613
11,597, 0.028582
11,598, 0.028825
11,599, 0.028761
11,600, 0.028935
11,601, 0.029144
11,602, 0.029032
11,603, 0.029318
11,604, 0.029229
11,605, 0.029440
11,606, 0.029603
11,607, 0.029558
11,608, 0.029789
11,609, 0.029747
11,610, 0.029918
11,611, 0.030102
11,612, 0.030037
11,613, 0.030308
11,614, 0.030229
11,615, 0.030419
11,616, 0.030571
11,617, 0.030557
11,618, 0.030797
11,619, 0.030733
11,620, 0.030970
11,621, 0.031112
11,622, 0.031045
11,623, 0.031299
11,624, 0.031213
11,625, 0.031411
11,626, 0.031585
11,627, 0.031570
11,628, 0.031791
11,629, 0.031728
11,630, 0.031913
11,631, 0.032104
11,632, 0.032033
11,633, 0.032281
11,634, 0.032249
11,635, 0.032428
11,636, 0.032595
11,637, 0.032551
11,638, 0.032798
11,639, 0.032760
11,640, 0.032940
11,641, 0.033129
11,642, 0.033054
11,643, 0.033325
11,644, 0.033293
11,645, 0.033457
11,646, 0.033637
11,647, 0.033591
11,648, 0.033849
11,649, 0.033813
11,650, 0.033976
11,651, 0.034224
11,652, 0.034095
11,653, 0.034361
11,654, 0.034323
11,655, 0.034505
11,656, 0.034696
11,657, 0.034621
11,658, 0.034911
11,659, 0.034852
11,660, 0.035028
11,661, 0.035228
11,662, 0.035143
11,663, 0.035447
11,664, 0.035322
11,665, 0.035575
11,666, 0.035732
11,667, 0.035719
11,668, 0.035939
11,669, 0.035894
11,670, 0.036098
11,671, 0.036299
11,672, 0.036204
11,673, 0.036539
11,674, 0.036417
11,675, 0.036650
11,676, 0.036842
11,677, 0.036789
11,678, 0.037055
11,679, 0.036995
11,680, 0.037195
11,681, 0.037380
11,682, 0.037328
11,683, 0.037623
11,684, 0.037490
11,685, 0.037743
11,686, 0.037943
11,687, 0.037855
11,688, 0.038129
11,689, 0.038104
11,690, 0.038251
11,691, 0.038492
11,692, 0.038387
11,693, 0.038698
11,694, 0.038607
11,695, 0.038829
11,696, 0.039047
11,697, 0.038976
11,698, 0.039265
11,699, 0.039157
11,700, 0.039394
11,701, 0.039598
11,702, 0.039549
11,703, 0.039814
11,704, 0.039733
11,705, 0.040016
11,706, 0.041091
11,707, 0.040112
11,708, 0.040383
11,709, 0.040324
11,710, 0.040542
11,711, 0.040733
11,712, 0.040648
11,713, 0.040944
11,714, 0.040850
11,715, 0.041112
11,716, 0.041291
11,717, 0.041226
11,718, 0.041576
11,719, 0.041412
11,720, 0.041680
11,721, 0.041863
11,722, 0.041830
11,723, 0.042123
11,724, 0.042033
11,725, 0.042288
11,726, 0.042429
11,727, 0.042387
11,728, 0.042719
11,729, 0.042642
11,730, 0.042835
11,731, 0.043108
11,732, 0.043023
11,733, 0.043326
11,734, 0.043240
11,735, 0.043460
11,736, 0.043640
11,737, 0.043608
11,738, 0.043869
11,739, 0.043850
11,740, 0.044034
11,741, 0.044310
11,742, 0.044189
11,743, 0.044519
11,744, 0.044417
11,745, 0.044662
11,746, 0.044834
11,747, 0.044814
11,748, 0.045107
11,749, 0.045038
11,750, 0.045236
11,751, 0.045451
11,752, 0.045420
11,753, 0.045730
11,754, 0.045653
11,755, 0.045866
11,756, 0.046082
11,757, 0.046042
11,758, 0.046351
11,759, 0.046272
11,760, 0.046466
11,761, 0.046660
11,762, 0.046587
11,763, 0.046896
11,764, 0.046784
11,765, 0.047043
11,766, 0.047300
11,767, 0.047236
11,768, 0.047526
11,769, 0.047453
11,770, 0.047667
11,771, 0.047909
11,772, 0.047867
11,773, 0.048222
11,774, 0.048116
11,775, 0.048360
11,776, 0.048541
11,777, 0.048541
11,778, 0.048813
11,779, 0.048750
11,780, 0.048931
11,781, 0.049179
11,782, 0.049096
11,783, 0.049403
11,784, 0.049310
11,785, 0.049545
11,786, 0.049775
11,787, 0.049748
11,788, 0.050051
11,789, 0.049981
11,790, 0.050194
11,791, 0.050446
11,792, 0.050345
11,793, 0.050745
11,794, 0.050594
11,795, 0.050858
11,796, 0.051061
11,797, 0.051011
11,798, 0.051313
11,799, 0.051287
11,800, 0.051472
11,801, 0.051736
11,802, 0.051657
11,803, 0.051980
11,804, 0.051867
11,805, 0.052178
11,806, 0.052372
11,807, 0.052288
11,808, 0.052601
11,809, 0.052704
11,810, 0.052852
11,811, 0.053015
11,812, 0.052896
11,813, 0.053304
11,814, 0.053214
11,815, 0.053415
11,816, 0.053661
11,817, 0.053591
11,818, 0.053891
11,819, 0.053895
11,820, 0.054094
11,821, 0.054365
11,822, 0.054281
11,823, 0.054647
11,824, 0.054499
11,825, 0.054836
11,826, 0.054991
11,827, 0.054912
11,828, 0.055265
11,829, 0.055247
11,830, 0.055467
11,831, 0.055742
11,832, 0.055588
11,833, 0.055949
11,834, 0.055813
11,835, 0.056049
11,836, 0.056399
11,837, 0.056266
11,838, 0.056574
11,839, 0.056500
11,840, 0.056803
11,841, 0.057003
11,842, 0.056934
11,843, 0.057321
11,844, 0.057109
11,845, 0.057490
11,846, 0.057662
11,847, 0.057612
11,848, 0.057938
11,849, 0.057854
11,850, 0.058151
11,851, 0.058435
11,852, 0.058311
11,853, 0.058619
11,854, 0.058558
11,855, 0.058831
11,856, 0.059048
11,857, 0.059044
11,858, 0.059327
11,859, 0.059258
11,860, 0.059500
11,861, 0.059803
11,862, 0.059698
11,863, 0.060067
11,864, 0.059923
11,865, 0.060239
11,866, 0.060484
11,867, 0.060380
11,868, 0.060691
11,869, 0.060643
11,870, 0.060899
11,871, 0.061148
11,872, 0.061094
11,873, 0.061435
11,874, 0.061300
11,875, 0.061640
11,876, 0.061831
11,877, 0.061807
11,878, 0.062101
11,879, 0.062001
11,880, 0.062308
11,881, 0.062597
11,882, 0.062460
11,883, 0.062857
11,884, 0.062736
11,885, 0.062948
11,886, 0.063251
11,887, 0.063192
11,888, 0.063565
11,889, 0.063470
11,890, 0.063718
11,891, 0.063983
11,892, 0.063884
11,893, 0.064291
11,894, 0.064126
11,895, 0.064440
11,896, 0.064690
11,897, 0.064613
11,898, 0.064984
11,899, 0.064902
11,900, 0.065187
11,901, 0.065419
11,902, 0.065337
11,903, 0.065669
11,904, 0.065672
11,905, 0.065909
11,906, 0.066087
11,907, 0.066016
11,908, 0.066417
11,909, 0.066319
11,910, 0.066644
11,911, 0.066925
11,912, 0.066810
11,913, 0.067206
11,914, 0.067149
11,915, 0.067398
11,916, 0.067643
11,917, 0.067550
11,918, 0.067926
11,919, 0.067775
11,920, 0.068084
11,921, 0.068388
11,922, 0.068256
11,923, 0.068667
11,924, 0.068561
11,925, 0.068855
11,926, 0.069094
11,927, 0.069092
11,928, 0.069383
11,929, 0.069343
11,930, 0.069612
11,931, 0.069891
11,932, 0.069761
11,933, 0.070161
11,934, 0.070018
11,935, 0.070348
11,936, 0.070601
11,937, 0.070530
11,938, 0.070872
11,939, 0.070776
11,940, 0.071091
11,941, 0.071364
11,942, 0.071360
11,943, 0.071660
11,944, 0.071505
11,945, 0.071842
11,946, 0.072095
11,947, 0.071990
11,948, 0.072406
11,949, 0.072294
11,950, 0.072582
11,951, 0.072883
11,952, 0.072740
11,953, 0.073225
11,954, 0.073088
11,955, 0.073370
11,956, 0.073585
11,957, 0.073564
11,958, 0.073900
11,959, 0.073838
11,960, 0.074137
11,961, 0.074417
11,962, 0.074288
11,963, 0.074714
11,964, 0.074620
11,965, 0.074940
11,966, 0.075200
11,967, 0.075124
11,968, 0.075462
11,969, 0.075446
11,970, 0.075720
11,971, 0.075959
11,972, 0.075912
11,973, 0.076275
11,974, 0.076130
11,975, 0.076446
11,976, 0.076771
11,977, 0.076619
11,978, 0.077117
11,979, 0.077006
11,980, 0.077272
11,981, 0.077575
11,982, 0.077504
11,983, 0.077854
11,984, 0.077734
11,985, 0.078095
11,986, 0.078266
11,987, 0.078224
11,988, 0.078692
11,989, 0.078533
11,990, 0.078886
11,991, 0.079133
11,992, 0.079055
11,993, 0.079454
11,994, 0.079346
11,995, 0.079647
11,996, 0.079940
11,997, 0.079822
11,998, 0.080227
11,999, 0.080159
11,1000, 0.080418
11,1001, 0.080689
11,1002, 0.080557
11,1003, 0.081025
11,1004, 0.080849
11,1005, 0.081222
11,1006, 0.081502
11,1007, 0.081413
11,1008, 0.081792
11,1009, 0.081720
11,1010, 0.082051
11,1011, 0.082375
11,1012, 0.082230
11,1013, 0.082651
11,1014, 0.082505
11,1015, 0.082812
11,1016, 0.083127
11,1017, 0.083054
11,1018, 0.083437
11,1019, 0.083321
11,1020, 0.083646
11,1021, 0.083950
11,1022, 0.083848
11,1023, 0.084296
11,1024, 0.084197
11,1025, 0.084516
11,1026, 0.084777
11,1027, 0.084696
11,1028, 0.085130
11,1029, 0.085071
11,1030, 0.085366
11,1031, 0.085736
11,1032, 0.085565
11,1033, 0.085969
11,1034, 0.085902
11,1035, 0.086216
11,1036, 0.086447
11,1037, 0.086420
11,1038, 0.086861
11,1039, 0.086633
11,1040, 0.087005
11,1041, 0.087298
11,1042, 0.087175
11,1043, 0.087605
11,1044, 0.087498
11,1045, 0.087822
11,1046, 0.088178
11,1047, 0.088054
11,1048, 0.088425
11,1049, 0.088356
11,1050, 0.088655
11,1051, 0.088964
11,1052, 0.088928
11,1053, 0.089420
11,1054, 0.089292
11,1055, 0.089707
11,1056, 0.089869
11,1057, 0.089786
11,1058, 0.090251
11,1059, 0.090118
11,1060, 0.090441
11,1061, 0.090684
11,1062, 0.090657
11,1063, 0.091050
11,1064, 0.090964
11,1065, 0.091233
11,1066, 0.091541
11,1067, 0.091472
11,1068, 0.091893
11,1069, 0.091785
11,1070, 0.092103
11,1071, 0.092472
11,1072, 0.092303
11,1073, 0.092797
11,1074, 0.092668
11,1075, 0.093018
11,1076, 0.093370
11,1077, 0.093245
11,1078, 0.093651
11,1079, 0.093583
11,1080, 0.093876
11,1081, 0.094202
11,1082, 0.094089
11,1083, 0.094545
11,1084, 0.094442
11,1085, 0.094780
11,1086, 0.095073
11,1087, 0.094961
11,1088, 0.095345
11,1089, 0.095213
11,1090, 0.095618
11,1091, 0.095949
11,1092, 0.095803
11,1093, 0.096266
11,1094, 0.096164
11,1095, 0.096488
11,1096, 0.096791
11,1097, 0.096737
11,1098, 0.097130
11,1099, 0.097033
11,1100, 0.097387
11,1101, 0.097661
11,1102, 0.097597
11,1103, 0.097997
11,1104, 0.097942
11,1105, 0.098262
11,1106, 0.098589
11,1107, 0.098458
11,1108, 0.098882
11,1109, 0.098804
11,1110, 0.099083
11,1111, 0.099477
11,1112, 0.099383
11,1113, 0.099805
11,1114, 0.099658
11,1115, 0.100045
11,1116, 0.100405
11,1117, 0.100343
11,1118, 0.100738
11,1119, 0.100712
11,1120, 0.100991
11,1121, 0.101409
11,1122, 0.101218
11,1123, 0.101691
11,1124, 0.101559
11,1125, 0.101868
11,1126, 0.102283
11,1127, 0.102148
11,1128, 0.102576
11,1129, 0.102509
11,1130, 0.102840
11,1131, 0.103194
11,1132, 0.103060
11,1133, 0.103521
11,1134, 0.103385
11,1135, 0.103765
11,1136, 0.104039
11,1137, 0.103999
11,1138, 0.104369
11,1139, 0.104256
11,1140, 0.104579
11,1141, 0.104965
11,1142, 0.104845
11,1143, 0.105265
11,1144, 0.105162
11,1145, 0.105565
11,1146, 0.105866
11,1147, 0.105800
11,1148, 0.106297
11,1149, 0.106088
11,1150, 0.106502
11,1151, 0.106816
11,1152, 0.106681
11,1153, 0.107277
11,1154, 0.107106
11,1155, 0.107435
11,1156, 0.107750
11,1157, 0.107589
11,1158, 0.108060
11,1159, 0.107970
11,1160, 0.108341
11,1161, 0.108633
11,1162, 0.108559
11,1163, 0.108973
11,1164, 0.108854
11,1165, 0.109308
11,1166, 0.109616
11,1167, 0.109502
11,1168, 0.109938
11,1169, 0.109835
11,1170, 0.110161
11,1171, 0.110544
11,1172, 0.110381
11,1173, 0.110888
11,1174, 0.110782
11,1175, 0.111254
11,1176, 0.111510
11,1177, 0.111451
11,1178, 0.111916
11,1179, 0.111778
11,1180, 0.112154
11,1181, 0.112500
11,1182, 0.112365
11,1183, 0.112793
11,1184, 0.112602
11,1185, 0.113017
11,1186, 0.113425
11,1187, 0.113277
11,1188, 0.113755
11,1189, 0.113601
11,1190, 0.113990
11,1191, 0.114297
11,1192, 0.114227
11,1193, 0.114779
11,1194, 0.114629
11,1195, 0.115012
11,1196, 0.115379
11,1197, 0.115288
11,1198, 0.115699
11,1199, 0.115593
11,1200, 0.115932
11,1201, 0.116329
11,1202, 0.116171
11,1203, 0.116661
11,1204, 0.116484
11,1205, 0.116953
11,1206, 0.117232
11,1207, 0.117107
11,1208, 0.117615
11,1209, 0.117568
11,1210, 0.117844
11,1211, 0.118263
11,1212, 0.118076
11,1213, 0.118587
11,1214, 0.118456
11,1215, 0.118830
11,1216, 0.119190
11,1217, 0.119077
11,1218, 0.119613
11,1219, 0.119476
11,1220, 0.119838
11,1221, 0.120187
11,1222, 0.120050
11,1223, 0.120552
11,1224, 0.120383
11,1225, 0.120769
11,1226, 0.121134
11,1227, 0.121069
11,1228, 0.121537
11,1229, 0.121423
11,1230, 0.121790
11,1231, 0.122162
11,1232, 0.121976
11,1233, 0.122577
11,1234, 0.122375
11,1235, 0.122871
11,1236, 0.123204
11,1237, 0.123021
11,1238, 0.123517
11,1239, 0.123401
11,1240, 0.123750
11,1241, 0.124101
11,1242, 0.124068
11,1243, 0.124519
11,1244, 0.124407
11,1245, 0.124764
11,1246, 0.125124
11,1247, 0.125042
11,1248, 0.125563
11,1249, 0.125358
11,1250, 0.125809
11,1251, 0.126262
11,1252, 0.126096
11,1253, 0.126503
11,1254, 0.126398
11,1255, 0.126747
11,1256, 0.127151
11,1257, 0.126958
11,1258, 0.127512
11,1259, 0.127337
11,1260, 0.127744
11,1261, 0.128186
11,1262, 0.128039
11,1263, 0.128639
11,1264, 0.128434
11,1265, 0.128896
11,1266, 0.129163
11,1267, 0.129092
11,1268, 0.129626
11,1269, 0.129426
11,1270, 0.129785
11,1271, 0.130195
11,1272, 0.130085
11,1273, 0.130598
11,1274, 0.130414
11,1275, 0.130863
11,1276, 0.131189
11,1277, 0.131121
11,1278, 0.131600
11,1279, 0.131451
11,1280, 0.131868
11,1281, 0.132351
11,1282, 0.132196
11,1283, 0.132687
11,1284, 0.132554
11,1285, 0.132913
11,1286, 0.133293
11,1287, 0.133146
11,1288, 0.133674
11,1289, 0.133613
11,1290, 0.133965
11,1291, 0.134379
11,1292, 0.134260
11,1293, 0.134786
11,1294, 0.134606
11,1295, 0.134966
11,1296, 0.135447
11,1297, 0.135242
11,1298, 0.135829
11,1299, 0.135688
11,1300, 0.136082
11,1301, 0.136474
11,1302, 0.136376
11,1303, 0.136836
11,1304, 0.136727
11,1305, 0.137116
11,1306, 0.137414
11,1307, 0.137470
11,1308, 0.137983
11,1309, 0.137809
11,1310, 0.138170
11,1311, 0.138556
11,1312, 0.138463
11,1313, 0.139071
11,1314, 0.138804
11,1315, 0.139259
11,1316, 0.139670
11,1317, 0.139521
11,1318, 0.140064
11,1319, 0.139874
11,1320, 0.140247
11,1321, 0.140645
11,1322, 0.140580
11,1323, 0.141073
11,1324, 0.140880
11,1325, 0.141384
11,1326, 0.141733
11,1327, 0.141615
11,1328, 0.142121
11,1329, 0.141941
11,1330, 0.142348
11,1331, 0.142730
11,1332, 0.142613
11,1333, 0.143250
11,1334, 0.143150
11,1335, 0.143533
11,1336, 0.143875
11,1337, 0.143797
11,1338, 0.144286
11,1339, 0.144097
11,1340, 0.144610
11,1341, 0.144949
11,1342, 0.144786
11,1343, 0.145411
11,1344, 0.145242
11,1345, 0.145643
11,1346, 0.146122
11,1347, 0.145889
11,1348, 0.146456
11,1349, 0.146286
11,1350, 0.146724
11,1351, 0.147192
11,1352, 0.147115
11,1353, 0.147529
11,1354, 0.147364
11,1355, 0.147738
11,1356, 0.148155
11,1357, 0.148058
11,1358, 0.148611
11,1359, 0.148497
11,1360, 0.149005
11,1361, 0.149275
11,1362, 0.149162
11,1363, 0.149771
11,1364, 0.149564
11,1365, 0.149969
11,1366, 0.150366
11,1367, 0.150355
11,1368, 0.150845
11,1369, 0.150723
11,1370, 0.151047
11,1371, 0.151512
11,1372, 0.151337
11,1373, 0.151962
11,1374, 0.151731
11,1375, 0.152214
11,1376, 0.152582
11,1377, 0.152530
11,1378, 0.153044
11,1379, 0.152939
11,1380, 0.153315
11,1381, 0.153767
11,1382, 0.153608
11,1383, 0.154167
11,1384, 0.154063
11,1385, 0.154541
11,1386, 0.154930
11,1387, 0.154723
11,1388, 0.155301
11,1389, 0.155221
11,1390, 0.155499
11,1391, 0.155947
11,1392, 0.155851
11,1393, 0.156466
11,1394, 0.156316
11,1395, 0.156660
11,1396, 0.157041
11,1397, 0.156999
11,1398, 0.157608
11,1399, 0.157399
11,1400, 0.157731
11,1401, 0.158224
11,1402, 0.158084
11,1403, 0.158727
11,1404, 0.158500
11,1405, 0.158959
11,1406, 0.159255
11,1407, 0.159118
11,1408, 0.159718
11,1409, 0.159569
11,1410, 0.160044
11,1411, 0.160532
11,1412, 0.160425
11,1413, 0.160977
11,1414, 0.160692
11,1415, 0.161246
11,1416, 0.161636
11,1417, 0.161523
11,1418, 0.162142
11,1419, 0.161930
11,1420, 0.162298
11,1421, 0.162714
11,1422, 0.162490
11,1423, 0.163150
11,1424, 0.163059
11,1425, 0.163462
11,1426, 0.163863
11,1427, 0.163759
11,1428, 0.164287
11,1429, 0.164231
11,1430, 0.164613
11,1431, 0.164991
11,1432, 0.164841
11,1433, 0.165356
11,1434, 0.165291
11,1435, 0.165755
11,1436, 0.166299
11,1437, 0.166107
11,1438, 0.166613
11,1439, 0.166540
11,1440, 0.167000
11,1441, 0.167422
11,1442, 0.167279
11,1443, 0.167865
11,1444, 0.167649
11,1445, 0.168071
11,1446, 0.168533
11,1447, 0.168310
11,1448, 0.168994
11,1449, 0.168885
11,1450, 0.169369
11,1451, 0.169748
11,1452, 0.169609
11,1453, 0.170239
11,1454, 0.170004
11,1455, 0.170519
11,1456, 0.170918
11,1457, 0.170783
11,1458, 0.171422
11,1459, 0.171285
11,1460, 0.171594
11,1461, 0.172069
11,1462, 0.171928
11,1463, 0.172438
11,1464, 0.172373
11,1465, 0.172883
11,1466, 0.173248
11,1467, 0.173152
11,1468, 0.173662
11,1469, 0.173508
11,1470, 0.173901
11,1471, 0.174430
11,1472, 0.174301
11,1473, 0.174924
11,1474, 0.174693
11,1475, 0.175242
11,1476, 0.175522
11,1477, 0.175519
11,1478, 0.176094
11,1479, 0.175965
11,1480, 0.176411
11,1481, 0.176805
11,1482, 0.176766
11,1483, 0.177233
11,1484, 0.177096
11,1485, 0.177584
11,1486, 0.178011
11,1487, 0.177813
11,1488, 0.178545
11,1489, 0.178404
11,1490, 0.178729
11,1491, 0.179184
11,1492, 0.178984
11,1493, 0.179580
11,1494, 0.179595
11,1495, 0.179990
11,1496, 0.180468
11,1497, 0.180322
11,1498, 0.180868
11,1499, 0.180724
11,1500, 0.181171
