14,500, 0.036762
14,501, 0.027954
14,502, 0.039581
14,503, 0.016059
14,504, 0.015827
14,505, 0.027291
14,506, 0.015925
14,507, 0.016004
14,508, 0.016036
14,509, 0.015985
14,510, 0.016322
14,511, 0.016138
14,512, 0.016426
14,513, 0.016295
14,514, 0.016768
14,515, 0.016345
14,516, 0.016770
14,517, 0.016621
14,518, 0.016780
14,519, 0.016779
14,520, 0.016916
14,521, 0.017049
14,522, 0.016924
14,523, 0.017200
14,524, 0.017049
14,525, 0.017354
14,526, 0.017054
14,527, 0.017486
14,528, 0.017197
14,529, 0.017627
14,530, 0.017479
14,531, 0.017644
14,532, 0.017632
14,533, 0.017767
14,534, 0.017921
14,535, 0.017777
14,536, 0.018068
14,537, 0.017899
14,538, 0.018219
14,539, 0.017912
14,540, 0.018350
14,541, 0.018049
14,542, 0.018494
14,543, 0.018210
14,544, 0.018491
14,545, 0.018494
14,546, 0.018620
14,547, 0.018773
14,548, 0.018650
14,549, 0.018920
14,550, 0.018645
14,551, 0.019185
14,552, 0.018786
14,553, 0.019212
14,554, 0.018906
14,555, 0.019356
14,556, 0.019074
14,557, 0.019346
14,558, 0.019344
14,559, 0.019490
14,560, 0.019516
14,561, 0.019483
14,562, 0.019786
14,563, 0.019621
14,564, 0.020066
14,565, 0.019652
14,566, 0.020067
14,567, 0.019773
14,568, 0.020216
14,569, 0.019929
14,570, 0.020221
14,571, 0.020199
14,572, 0.020349
14,573, 0.020494
14,574, 0.020371
14,575, 0.020766
14,576, 0.020502
14,577, 0.020931
14,578, 0.020500
14,579, 0.021055
14,580, 0.020656
14,581, 0.021074
14,582, 0.020921
14,583, 0.021207
14,584, 0.021086
14,585, 0.021214
14,586, 0.021355
14,587, 0.021346
14,588, 0.021649
14,589, 0.021364
14,590, 0.021790
14,591, 0.021489
14,592, 0.021942
14,593, 0.021502
14,594, 0.022064
14,595, 0.021795
14,596, 0.022076
14,597, 0.022064
14,598, 0.022225
14,599, 0.022227
14,600, 0.022356
14,601, 0.022654
14,602, 0.022491
14,603, 0.022792
14,604, 0.022515
14,605, 0.023066
14,606, 0.022650
14,607, 0.023088
14,608, 0.022793
14,609, 0.023209
14,610, 0.023092
14,611, 0.023218
14,612, 0.023365
14,613, 0.023358
14,614, 0.023654
14,615, 0.023372
14,616, 0.023797
14,617, 0.023501
14,618, 0.023946
14,619, 0.023508
14,620, 0.024068
14,621, 0.023800
14,622, 0.024089
14,623, 0.024076
14,624, 0.024223
14,625, 0.024368
14,626, 0.024237
14,627, 0.024640
14,628, 0.024375
14,629, 0.024802
14,630, 0.024501
14,631, 0.024952
14,632, 0.024517
14,633, 0.025069
14,634, 0.024805
14,635, 0.025089
14,636, 0.025086
14,637, 0.025218
14,638, 0.025375
14,639, 0.025242
14,640, 0.025644
14,641, 0.025372
14,642, 0.025811
14,643, 0.025499
14,644, 0.025971
14,645, 0.025505
14,646, 0.026080
14,647, 0.025804
14,648, 0.026100
14,649, 0.026078
14,650, 0.026242
14,651, 0.026369
14,652, 0.026242
14,653, 0.026643
14,654, 0.026382
14,655, 0.026810
14,656, 0.026505
14,657, 0.026958
14,658, 0.026654
14,659, 0.027104
14,660, 0.026803
14,661, 0.027098
14,662, 0.027084
14,663, 0.027246
14,664, 0.027370
14,665, 0.027371
14,666, 0.027671
14,667, 0.027389
14,668, 0.027931
14,669, 0.027531
14,670, 0.028088
14,671, 0.027668
14,672, 0.028107
14,673, 0.027820
14,674, 0.028220
14,675, 0.028233
14,676, 0.028383
14,677, 0.028528
14,678, 0.028391
14,679, 0.028803
14,680, 0.028530
14,681, 0.028960
14,682, 0.028524
14,683, 0.029099
14,684, 0.028667
14,685, 0.029117
14,686, 0.029082
14,687, 0.029250
14,688, 0.029383
14,689, 0.029526
14,690, 0.029670
14,691, 0.029669
14,692, 0.029965
14,693, 0.029676
14,694, 0.030232
14,695, 0.029823
14,696, 0.030385
14,697, 0.029959
14,698, 0.030401
14,699, 0.030103
14,700, 0.030533
14,701, 0.030393
14,702, 0.030540
14,703, 0.030802
14,704, 0.030682
14,705, 0.031099
14,706, 0.030818
14,707, 0.031272
14,708, 0.030811
14,709, 0.031392
14,710, 0.030963
14,711, 0.031528
14,712, 0.031259
14,713, 0.031538
14,714, 0.031529
14,715, 0.031684
14,716, 0.031827
14,717, 0.031812
14,718, 0.032253
14,719, 0.031843
14,720, 0.032383
14,721, 0.031967
14,722, 0.032543
14,723, 0.032104
14,724, 0.032691
14,725, 0.032388
14,726, 0.032702
14,727, 0.032670
14,728, 0.032828
14,729, 0.032979
14,730, 0.032954
14,731, 0.033403
14,732, 0.033111
14,733, 0.033552
14,734, 0.033112
14,735, 0.033690
14,736, 0.033250
14,737, 0.033834
14,738, 0.033542
14,739, 0.033969
14,740, 0.033841
14,741, 0.033961
14,742, 0.034127
14,743, 0.034101
14,744, 0.034422
14,745, 0.034238
14,746, 0.034704
14,747, 0.034259
14,748, 0.034835
14,749, 0.034402
14,750, 0.034981
14,751, 0.034682
14,752, 0.035117
14,753, 0.034988
14,754, 0.035255
14,755, 0.035399
14,756, 0.035274
14,757, 0.035690
14,758, 0.035407
14,759, 0.035978
14,760, 0.035430
14,761, 0.036247
14,762, 0.035562
14,763, 0.036270
14,764, 0.035977
14,765, 0.036408
14,766, 0.036407
14,767, 0.036552
14,768, 0.036700
14,769, 0.036690
14,770, 0.036991
14,771, 0.036695
14,772, 0.037276
14,773, 0.036841
14,774, 0.037407
14,775, 0.036983
14,776, 0.037555
14,777, 0.037269
14,778, 0.037699
14,779, 0.037565
14,780, 0.037699
14,781, 0.037857
14,782, 0.037827
14,783, 0.038273
14,784, 0.037981
14,785, 0.038562
14,786, 0.037995
14,787, 0.038702
14,788, 0.038139
14,789, 0.038829
14,790, 0.038429
14,791, 0.038854
14,792, 0.038831
14,793, 0.038994
14,794, 0.039137
14,795, 0.039132
14,796, 0.039426
14,797, 0.039129
14,798, 0.039714
14,799, 0.039274
14,800, 0.039984
14,801, 0.039426
14,802, 0.039996
14,803, 0.039704
14,804, 0.040138
14,805, 0.040002
14,806, 0.040268
14,807, 0.040426
14,808, 0.040287
14,809, 0.040711
14,810, 0.040428
14,811, 0.040996
14,812, 0.040574
14,813, 0.041134
14,814, 0.040582
14,815, 0.041266
14,816, 0.040873
14,817, 0.041274
14,818, 0.041279
14,819, 0.041568
14,820, 0.041579
14,821, 0.041568
14,822, 0.041996
14,823, 0.041713
14,824, 0.042291
14,825, 0.041849
14,826, 0.042439
14,827, 0.041867
14,828, 0.042707
14,829, 0.042436
14,830, 0.042855
14,831, 0.042727
14,832, 0.042871
14,833, 0.043124
14,834, 0.043014
14,835, 0.043435
14,836, 0.043152
14,837, 0.043721
14,838, 0.043279
14,839, 0.043876
14,840, 0.043432
14,841, 0.044015
14,842, 0.043713
14,843, 0.044153
14,844, 0.044018
14,845, 0.044150
14,846, 0.044426
14,847, 0.044306
14,848, 0.044725
14,849, 0.044433
14,850, 0.045014
14,851, 0.044581
14,852, 0.045168
14,853, 0.044707
14,854, 0.045305
14,855, 0.045016
14,856, 0.045437
14,857, 0.045438
14,858, 0.045587
14,859, 0.045734
14,860, 0.045727
14,861, 0.046155
14,862, 0.045871
14,863, 0.046447
14,864, 0.045878
14,865, 0.046584
14,866, 0.046031
14,867, 0.046721
14,868, 0.046305
14,869, 0.046866
14,870, 0.046744
14,871, 0.047004
14,872, 0.047165
14,873, 0.047024
14,874, 0.047454
14,875, 0.047158
14,876, 0.047866
14,877, 0.047314
14,878, 0.048020
14,879, 0.047446
14,880, 0.048164
14,881, 0.047745
14,882, 0.048162
14,883, 0.048163
14,884, 0.048312
14,885, 0.048585
14,886, 0.048459
14,887, 0.048888
14,888, 0.048590
14,889, 0.049175
14,890, 0.048609
14,891, 0.049449
14,892, 0.048883
14,893, 0.049596
14,894, 0.049313
14,895, 0.049738
14,896, 0.049618
14,897, 0.049865
14,898, 0.050036
14,899, 0.050017
14,900, 0.050479
14,901, 0.050030
14,902, 0.050737
14,903, 0.050177
14,904, 0.050892
14,905, 0.050321
14,906, 0.051018
14,907, 0.050607
14,908, 0.051170
14,909, 0.051046
14,910, 0.051179
14,911, 0.051455
14,912, 0.051331
14,913, 0.051878
14,914, 0.051475
14,915, 0.052167
14,916, 0.051613
14,917, 0.052324
14,918, 0.051744
14,919, 0.052469
14,920, 0.052050
14,921, 0.052593
14,922, 0.052480
14,923, 0.052745
14,924, 0.052896
14,925, 0.052761
14,926, 0.053312
14,927, 0.052920
14,928, 0.053603
14,929, 0.053047
14,930, 0.053756
14,931, 0.053183
14,932, 0.053897
14,933, 0.053474
14,934, 0.054038
14,935, 0.053910
14,936, 0.054177
14,937, 0.054335
14,938, 0.054319
14,939, 0.054769
14,940, 0.054337
14,941, 0.055049
14,942, 0.054472
14,943, 0.055317
14,944, 0.054642
14,945, 0.055328
14,946, 0.055032
14,947, 0.055484
14,948, 0.055475
14,949, 0.055623
14,950, 0.055775
14,951, 0.055891
14,952, 0.056207
14,953, 0.056042
14,954, 0.056762
14,955, 0.056042
14,956, 0.056782
14,957, 0.056331
14,958, 0.057056
14,959, 0.056635
14,960, 0.057192
14,961, 0.057057
14,962, 0.057203
14,963, 0.057471
14,964, 0.057356
14,965, 0.057900
14,966, 0.057491
14,967, 0.058205
14,968, 0.057618
14,969, 0.058479
14,970, 0.057788
14,971, 0.058492
14,972, 0.058189
14,973, 0.058642
14,974, 0.058621
14,975, 0.058783
14,976, 0.059050
14,977, 0.058923
14,978, 0.059487
14,979, 0.059074
14,980, 0.059777
14,981, 0.059193
14,982, 0.059923
14,983, 0.059340
14,984, 0.060063
14,985, 0.059645
14,986, 0.060204
14,987, 0.060070
14,988, 0.060342
14,989, 0.060504
14,990, 0.060499
14,991, 0.060931
14,992, 0.060616
14,993, 0.061353
14,994, 0.060785
14,995, 0.061499
14,996, 0.060924
14,997, 0.061644
14,998, 0.061222
14,999, 0.061781
14,1000, 0.061660
14,1001, 0.061908
14,1002, 0.062082
14,1003, 0.061942
14,1004, 0.062637
14,1005, 0.062072
14,1006, 0.062919
14,1007, 0.062235
14,1008, 0.063200
14,1009, 0.062500
14,1010, 0.063235
14,1011, 0.062934
14,1012, 0.063498
14,1013, 0.063367
14,1014, 0.063640
14,1015, 0.063799
14,1016, 0.063790
14,1017, 0.064237
14,1018, 0.063803
14,1019, 0.064628
14,1020, 0.063948
14,1021, 0.064795
14,1022, 0.064222
14,1023, 0.064939
14,1024, 0.064520
14,1025, 0.065068
14,1026, 0.064954
14,1027, 0.065223
14,1028, 0.065498
14,1029, 0.065371
14,1030, 0.065943
14,1031, 0.065516
14,1032, 0.066240
14,1033, 0.065644
14,1034, 0.066512
14,1035, 0.065802
14,1036, 0.066531
14,1037, 0.066226
14,1038, 0.066666
14,1039, 0.066648
14,1040, 0.066826
14,1041, 0.067064
14,1042, 0.066961
14,1043, 0.067517
14,1044, 0.067097
14,1045, 0.067934
14,1046, 0.067239
14,1047, 0.068101
14,1048, 0.067373
14,1049, 0.068232
14,1050, 0.067801
14,1051, 0.068386
14,1052, 0.068377
14,1053, 0.068534
14,1054, 0.068667
14,1055, 0.068804
14,1056, 0.069105
14,1057, 0.068825
14,1058, 0.069651
14,1059, 0.069090
14,1060, 0.069963
14,1061, 0.069235
14,1062, 0.070109
14,1063, 0.069659
14,1064, 0.070249
14,1065, 0.070097
14,1066, 0.070390
14,1067, 0.070532
14,1068, 0.070526
14,1069, 0.070980
14,1070, 0.070522
14,1071, 0.071380
14,1072, 0.070693
14,1073, 0.071529
14,1074, 0.070817
14,1075, 0.071671
14,1076, 0.071247
14,1077, 0.071819
14,1078, 0.071690
14,1079, 0.071952
14,1080, 0.072114
14,1081, 0.072114
14,1082, 0.072668
14,1083, 0.072253
14,1084, 0.073106
14,1085, 0.072397
14,1086, 0.073253
14,1087, 0.072541
14,1088, 0.073400
14,1089, 0.072977
14,1090, 0.073529
14,1091, 0.073400
14,1092, 0.073678
14,1093, 0.073837
14,1094, 0.073819
14,1095, 0.074398
14,1096, 0.073978
14,1097, 0.074697
14,1098, 0.074105
14,1099, 0.074975
14,1100, 0.074261
14,1101, 0.075118
14,1102, 0.074684
14,1103, 0.075259
14,1104, 0.075268
14,1105, 0.075401
14,1106, 0.075565
14,1107, 0.075674
14,1108, 0.076272
14,1109, 0.075829
14,1110, 0.076559
14,1111, 0.075970
14,1112, 0.076849
14,1113, 0.076180
14,1114, 0.076923
14,1115, 0.076541
14,1116, 0.077131
14,1117, 0.076987
14,1118, 0.077272
14,1119, 0.077544
14,1120, 0.077421
14,1121, 0.077982
14,1122, 0.077565
14,1123, 0.078396
14,1124, 0.077719
14,1125, 0.078547
14,1126, 0.077853
14,1127, 0.078825
14,1128, 0.078281
14,1129, 0.078988
14,1130, 0.078838
14,1131, 0.079129
14,1132, 0.079288
14,1133, 0.079275
14,1134, 0.079849
14,1135, 0.079420
14,1136, 0.080149
14,1137, 0.079413
14,1138, 0.080417
14,1139, 0.079713
14,1140, 0.080561
14,1141, 0.080134
14,1142, 0.080714
14,1143, 0.080559
14,1144, 0.080850
14,1145, 0.081145
14,1146, 0.080998
14,1147, 0.081563
14,1148, 0.081141
14,1149, 0.081991
14,1150, 0.081288
14,1151, 0.082150
14,1152, 0.081565
14,1153, 0.082433
14,1154, 0.081993
14,1155, 0.082573
14,1156, 0.082578
14,1157, 0.082712
14,1158, 0.083007
14,1159, 0.083004
14,1160, 0.083575
14,1161, 0.083149
14,1162, 0.083859
14,1163, 0.083281
14,1164, 0.084150
14,1165, 0.083434
14,1166, 0.084297
14,1167, 0.083858
14,1168, 0.084440
14,1169, 0.084435
14,1170, 0.084594
14,1171, 0.084870
14,1172, 0.084712
14,1173, 0.085301
14,1174, 0.084874
14,1175, 0.085718
14,1176, 0.085007
14,1177, 0.086019
14,1178, 0.085151
14,1179, 0.086159
14,1180, 0.085713
14,1181, 0.086313
14,1182, 0.086152
14,1183, 0.086450
14,1184, 0.086724
14,1185, 0.086586
14,1186, 0.087167
14,1187, 0.086733
14,1188, 0.087587
14,1189, 0.086869
14,1190, 0.087878
14,1191, 0.087024
14,1192, 0.088019
14,1193, 0.087586
14,1194, 0.088170
14,1195, 0.088165
14,1196, 0.088302
14,1197, 0.088592
14,1198, 0.088451
14,1199, 0.089035
14,1200, 0.088744
14,1201, 0.089715
14,1202, 0.088880
14,1203, 0.089753
14,1204, 0.089026
14,1205, 0.090029
14,1206, 0.089597
14,1207, 0.090166
14,1208, 0.090030
14,1209, 0.090321
14,1210, 0.090590
14,1211, 0.090453
14,1212, 0.091168
14,1213, 0.090599
14,1214, 0.091464
14,1215, 0.090746
14,1216, 0.091755
14,1217, 0.091027
14,1218, 0.091895
14,1219, 0.091450
14,1220, 0.092173
14,1221, 0.091901
14,1222, 0.092309
14,1223, 0.092485
14,1224, 0.092450
14,1225, 0.093044
14,1226, 0.092599
14,1227, 0.093491
14,1228, 0.092736
14,1229, 0.093749
14,1230, 0.092902
14,1231, 0.093912
14,1232, 0.093311
14,1233, 0.094046
14,1234, 0.093893
14,1235, 0.094193
14,1236, 0.094462
14,1237, 0.094344
14,1238, 0.095040
14,1239, 0.094464
14,1240, 0.095470
14,1241, 0.094628
14,1242, 0.095617
14,1243, 0.094893
14,1244, 0.095908
14,1245, 0.095331
14,1246, 0.096189
14,1247, 0.096048
14,1248, 0.096338
14,1249, 0.096492
14,1250, 0.096467
14,1251, 0.097057
14,1252, 0.096615
14,1253, 0.097487
14,1254, 0.096774
14,1255, 0.097622
14,1256, 0.096905
14,1257, 0.097910
14,1258, 0.097347
14,1259, 0.098053
14,1260, 0.097914
14,1261, 0.098202
14,1262, 0.098478
14,1263, 0.098487
14,1264, 0.099064
14,1265, 0.098480
14,1266, 0.099488
14,1267, 0.098635
14,1268, 0.099775
14,1269, 0.098914
14,1270, 0.099776
14,1271, 0.099346
14,1272, 0.100059
14,1273, 0.099920
14,1274, 0.100206
14,1275, 0.100496
14,1276, 0.100361
14,1277, 0.100918
14,1278, 0.100505
14,1279, 0.101474
14,1280, 0.100777
14,1281, 0.101796
14,1282, 0.100914
14,1283, 0.101932
14,1284, 0.101364
14,1285, 0.102205
14,1286, 0.101926
14,1287, 0.102216
14,1288, 0.102641
14,1289, 0.102496
14,1290, 0.103228
14,1291, 0.102634
14,1292, 0.103642
14,1293, 0.102935
14,1294, 0.103931
14,1295, 0.103086
14,1296, 0.104064
14,1297, 0.103510
14,1298, 0.104224
14,1299, 0.104069
14,1300, 0.104495
14,1301, 0.104669
14,1302, 0.104639
14,1303, 0.105222
14,1304, 0.104797
14,1305, 0.105651
14,1306, 0.105060
14,1307, 0.106096
14,1308, 0.105216
14,1309, 0.106234
14,1310, 0.105644
14,1311, 0.106388
14,1312, 0.106211
14,1313, 0.106663
14,1314, 0.106801
14,1315, 0.106796
14,1316, 0.107519
14,1317, 0.106951
14,1318, 0.107948
14,1319, 0.107086
14,1320, 0.108098
14,1321, 0.107224
14,1322, 0.108238
14,1323, 0.107804
14,1324, 0.108382
14,1325, 0.108216
14,1326, 0.108668
14,1327, 0.108930
14,1328, 0.108952
14,1329, 0.109674
14,1330, 0.109093
14,1331, 0.110115
14,1332, 0.109237
14,1333, 0.110239
14,1334, 0.109376
14,1335, 0.110525
14,1336, 0.109960
14,1337, 0.110677
14,1338, 0.110664
14,1339, 0.110966
14,1340, 0.111246
14,1341, 0.111111
14,1342, 0.111807
14,1343, 0.111243
14,1344, 0.112247
14,1345, 0.111392
14,1346, 0.112534
14,1347, 0.111677
14,1348, 0.112685
14,1349, 0.112107
14,1350, 0.112828
14,1351, 0.112673
14,1352, 0.113105
14,1353, 0.113406
14,1354, 0.113253
14,1355, 0.113817
14,1356, 0.113401
14,1357, 0.114394
14,1358, 0.113549
14,1359, 0.114535
14,1360, 0.113830
14,1361, 0.114683
14,1362, 0.114261
14,1363, 0.114978
14,1364, 0.114821
14,1365, 0.115116
14,1366, 0.115403
14,1367, 0.115263
14,1368, 0.115979
14,1369, 0.115554
14,1370, 0.116399
14,1371, 0.115692
14,1372, 0.116696
14,1373, 0.115832
14,1374, 0.116828
14,1375, 0.116407
14,1376, 0.117140
14,1377, 0.117113
14,1378, 0.117407
14,1379, 0.117849
14,1380, 0.117558
14,1381, 0.118270
14,1382, 0.117835
14,1383, 0.118845
14,1384, 0.117976
14,1385, 0.118988
14,1386, 0.118129
14,1387, 0.119127
14,1388, 0.118716
14,1389, 0.119416
14,1390, 0.119271
14,1391, 0.119564
14,1392, 0.119846
14,1393, 0.119702
14,1394, 0.120423
14,1395, 0.119990
14,1396, 0.120991
14,1397, 0.120140
14,1398, 0.121268
14,1399, 0.120278
14,1400, 0.121433
14,1401, 0.120853
14,1402, 0.121689
14,1403, 0.121449
14,1404, 0.121713
14,1405, 0.122130
14,1406, 0.122001
14,1407, 0.122711
14,1408, 0.122276
14,1409, 0.123290
14,1410, 0.122442
14,1411, 0.123423
14,1412, 0.122570
14,1413, 0.123717
14,1414, 0.123160
14,1415, 0.124140
14,1416, 0.123868
14,1417, 0.124153
14,1418, 0.124565
14,1419, 0.124436
14,1420, 0.125158
14,1421, 0.124580
14,1422, 0.125593
14,1423, 0.124707
14,1424, 0.125879
14,1425, 0.125007
14,1426, 0.126020
14,1427, 0.125432
14,1428, 0.126148
14,1429, 0.126164
14,1430, 0.126450
14,1431, 0.126712
14,1432, 0.126603
14,1433, 0.127300
14,1434, 0.126718
14,1435, 0.127732
14,1436, 0.126884
14,1437, 0.128161
14,1438, 0.127156
14,1439, 0.128294
14,1440, 0.127738
14,1441, 0.128444
14,1442, 0.128306
14,1443, 0.128727
14,1444, 0.129039
14,1445, 0.128872
14,1446, 0.129591
14,1447, 0.129023
14,1448, 0.130037
14,1449, 0.129300
14,1450, 0.130462
14,1451, 0.129589
14,1452, 0.130753
14,1453, 0.130072
14,1454, 0.130836
14,1455, 0.130761
14,1456, 0.131021
14,1457, 0.131321
14,1458, 0.131161
14,1459, 0.132036
14,1460, 0.131461
14,1461, 0.132461
14,1462, 0.131604
14,1463, 0.132751
14,1464, 0.131890
14,1465, 0.132906
14,1466, 0.132320
14,1467, 0.133187
14,1468, 0.133024
14,1469, 0.133327
14,1470, 0.133614
14,1471, 0.133462
14,1472, 0.134329
14,1473, 0.133752
14,1474, 0.134914
14,1475, 0.133887
14,1476, 0.135043
14,1477, 0.134191
14,1478, 0.135201
14,1479, 0.134868
14,1480, 0.135621
14,1481, 0.135484
14,1482, 0.135910
14,1483, 0.136187
14,1484, 0.136045
14,1485, 0.136902
14,1486, 0.136343
14,1487, 0.137484
14,1488, 0.136475
14,1489, 0.137617
14,1490, 0.136769
14,1491, 0.137767
14,1492, 0.137336
14,1493, 0.138065
14,1494, 0.137898
14,1495, 0.138203
14,1496, 0.138641
14,1497, 0.138478
14,1498, 0.139342
14,1499, 0.138638
14,1500, 0.139769
