22,500, 0.024570
22,501, 0.015731
22,502, 0.014336
22,503, 0.010457
22,504, 0.010467
22,505, 0.010601
22,506, 0.010604
22,507, 0.010743
22,508, 0.010615
22,509, 0.010742
22,510, 0.010752
22,511, 0.010753
22,512, 0.010891
22,513, 0.010739
22,514, 0.011180
22,515, 0.010756
22,516, 0.011174
22,517, 0.010892
22,518, 0.011185
22,519, 0.011167
22,520, 0.011190
22,521, 0.011311
22,522, 0.011190
22,523, 0.011319
22,524, 0.011316
22,525, 0.011332
22,526, 0.011461
22,527, 0.011460
22,528, 0.011611
22,529, 0.011469
22,530, 0.011607
22,531, 0.011608
22,532, 0.011610
22,533, 0.011759
22,534, 0.011603
22,535, 0.012039
22,536, 0.011615
22,537, 0.012038
22,538, 0.011747
22,539, 0.012175
22,540, 0.012041
22,541, 0.012182
22,542, 0.012185
22,543, 0.012184
22,544, 0.012190
22,545, 0.012182
22,546, 0.012312
22,547, 0.012340
22,548, 0.012321
22,549, 0.012473
22,550, 0.012456
22,551, 0.012613
22,552, 0.012613
22,553, 0.012489
22,554, 0.012741
22,555, 0.012475
22,556, 0.012900
22,557, 0.012598
22,558, 0.013046
22,559, 0.012623
22,560, 0.013034
22,561, 0.012902
22,562, 0.013040
22,563, 0.013050
22,564, 0.013037
22,565, 0.013185
22,566, 0.013186
22,567, 0.013187
22,568, 0.013324
22,569, 0.013325
22,570, 0.013477
22,571, 0.013331
22,572, 0.013476
22,573, 0.013470
22,574, 0.013471
22,575, 0.013752
22,576, 0.013477
22,577, 0.013908
22,578, 0.013472
22,579, 0.014038
22,580, 0.013623
22,581, 0.014039
22,582, 0.013901
22,583, 0.014048
22,584, 0.014052
22,585, 0.014039
22,586, 0.014187
22,587, 0.014055
22,588, 0.014186
22,589, 0.014206
22,590, 0.014326
22,591, 0.014607
22,592, 0.014333
22,593, 0.014476
22,594, 0.014477
22,595, 0.014474
22,596, 0.014627
22,597, 0.014619
22,598, 0.015046
22,599, 0.014620
22,600, 0.015052
22,601, 0.014764
22,602, 0.015184
22,603, 0.015050
22,604, 0.015198
22,605, 0.015200
22,606, 0.015180
22,607, 0.015337
22,608, 0.015203
22,609, 0.015334
22,610, 0.015472
22,611, 0.015355
22,612, 0.015604
22,613, 0.015485
22,614, 0.015620
22,615, 0.015626
22,616, 0.015618
22,617, 0.015908
22,618, 0.015626
22,619, 0.016054
22,620, 0.015620
22,621, 0.016194
22,622, 0.015773
22,623, 0.016190
22,624, 0.016055
22,625, 0.016196
22,626, 0.016202
22,627, 0.016194
22,628, 0.016333
22,629, 0.016341
22,630, 0.016348
22,631, 0.016478
22,632, 0.016485
22,633, 0.016623
22,634, 0.016488
22,635, 0.016623
22,636, 0.016635
22,637, 0.016621
22,638, 0.016917
22,639, 0.016623
22,640, 0.017062
22,641, 0.016624
22,642, 0.017194
22,643, 0.016776
22,644, 0.017198
22,645, 0.017055
22,646, 0.017197
22,647, 0.017338
22,648, 0.017208
22,649, 0.017343
22,650, 0.017338
22,651, 0.017484
22,652, 0.017500
22,653, 0.017481
22,654, 0.017765
22,655, 0.017628
22,656, 0.017773
22,657, 0.017775
22,658, 0.017774
22,659, 0.018060
22,660, 0.017771
22,661, 0.018211
22,662, 0.017767
22,663, 0.018345
22,664, 0.017919
22,665, 0.018347
22,666, 0.018204
22,667, 0.018351
22,668, 0.018354
22,669, 0.018340
22,670, 0.018484
22,671, 0.018487
22,672, 0.018502
22,673, 0.018628
22,674, 0.018631
22,675, 0.018782
22,676, 0.018642
22,677, 0.018770
22,678, 0.018910
22,679, 0.018785
22,680, 0.019200
22,681, 0.018786
22,682, 0.019342
22,683, 0.018917
22,684, 0.019489
22,685, 0.019069
22,686, 0.019491
22,687, 0.019349
22,688, 0.019492
22,689, 0.019502
22,690, 0.019484
22,691, 0.019638
22,692, 0.019641
22,693, 0.019638
22,694, 0.019775
22,695, 0.019779
22,696, 0.019929
22,697, 0.019782
22,698, 0.019922
22,699, 0.020059
22,700, 0.019930
22,701, 0.020343
22,702, 0.020065
22,703, 0.020506
22,704, 0.020069
22,705, 0.020628
22,706, 0.020213
22,707, 0.020640
22,708, 0.020497
22,709, 0.020639
22,710, 0.020779
22,711, 0.020656
22,712, 0.020769
22,713, 0.020782
22,714, 0.020926
22,715, 0.020936
22,716, 0.020919
22,717, 0.021075
22,718, 0.021064
22,719, 0.021210
22,720, 0.021219
22,721, 0.021207
22,722, 0.021506
22,723, 0.021209
22,724, 0.021788
22,725, 0.021215
22,726, 0.021786
22,727, 0.021359
22,728, 0.021932
22,729, 0.021786
22,730, 0.021933
22,731, 0.022064
22,732, 0.022073
22,733, 0.022216
22,734, 0.022083
22,735, 0.022213
22,736, 0.022357
22,737, 0.022364
22,738, 0.022500
22,739, 0.022367
22,740, 0.022501
22,741, 0.022540
22,742, 0.022509
22,743, 0.022927
22,744, 0.022509
22,745, 0.023074
22,746, 0.022648
22,747, 0.023221
22,748, 0.022789
22,749, 0.023221
22,750, 0.023076
22,751, 0.023222
22,752, 0.023363
22,753, 0.023224
22,754, 0.023364
22,755, 0.023361
22,756, 0.023507
22,757, 0.023655
22,758, 0.023642
22,759, 0.023797
22,760, 0.023654
22,761, 0.023792
22,762, 0.023798
22,763, 0.023790
22,764, 0.024085
22,765, 0.023789
22,766, 0.024372
22,767, 0.023794
22,768, 0.024503
22,769, 0.024080
22,770, 0.024514
22,771, 0.024375
22,772, 0.024503
22,773, 0.024652
22,774, 0.024512
22,775, 0.024656
22,776, 0.024653
22,777, 0.024799
22,778, 0.024936
22,779, 0.024810
22,780, 0.025077
22,781, 0.024940
22,782, 0.025083
22,783, 0.025090
22,784, 0.025077
22,785, 0.025376
22,786, 0.025081
22,787, 0.025796
22,788, 0.025223
22,789, 0.025810
22,790, 0.025369
22,791, 0.025802
22,792, 0.025657
22,793, 0.025803
22,794, 0.025939
22,795, 0.025808
22,796, 0.025944
22,797, 0.025939
22,798, 0.026088
22,799, 0.026232
22,800, 0.026224
22,801, 0.026381
22,802, 0.026230
22,803, 0.026370
22,804, 0.026514
22,805, 0.026514
22,806, 0.026811
22,807, 0.026376
22,808, 0.027090
22,809, 0.026513
22,810, 0.027231
22,811, 0.026673
22,812, 0.027224
22,813, 0.026960
22,814, 0.027224
22,815, 0.027239
22,816, 0.027237
22,817, 0.027370
22,818, 0.027379
22,819, 0.027517
22,820, 0.027531
22,821, 0.027518
22,822, 0.027807
22,823, 0.027663
22,824, 0.027808
22,825, 0.027951
22,826, 0.027815
22,827, 0.028100
22,828, 0.027944
22,829, 0.028515
22,830, 0.027952
22,831, 0.028532
22,832, 0.028231
22,833, 0.028531
22,834, 0.028524
22,835, 0.028667
22,836, 0.028813
22,837, 0.028666
22,838, 0.028950
22,839, 0.028816
22,840, 0.028955
22,841, 0.029096
22,842, 0.029098
22,843, 0.029383
22,844, 0.029109
22,845, 0.253174
22,846, 0.029376
22,847, 0.029385
22,848, 0.029809
22,849, 0.029386
22,850, 0.254449
22,851, 0.214358
22,852, 0.216065
22,853, 0.029624
22,854, 0.030249
22,855, 0.029960
22,856, 0.030244
22,857, 0.030239
22,858, 0.030105
22,859, 0.030382
22,860, 0.030253
22,861, 0.030388
22,862, 0.030527
22,863, 0.030529
22,864, 0.030813
22,865, 0.030678
22,866, 0.030816
22,867, 0.030844
22,868, 0.030797
22,869, 0.031111
22,870, 0.030812
22,871, 0.031402
22,872, 0.030816
22,873, 0.031534
22,874, 0.031097
22,875, 0.031677
22,876, 0.031402
22,877, 0.031676
22,878, 0.031685
22,879, 0.031533
22,880, 0.217340
22,881, 0.031803
22,882, 0.031969
22,883, 0.032108
22,884, 0.032107
22,885, 0.032248
22,886, 0.032114
22,887, 0.032251
22,888, 0.032258
22,889, 0.032388
22,890, 0.032685
22,891, 0.032254
22,892, 0.032969
22,893, 0.032391
22,894, 0.032979
22,895, 0.032533
22,896, 0.033107
22,897, 0.032838
22,898, 0.033103
22,899, 0.033252
22,900, 0.033117
22,901, 0.033259
22,902, 0.033252
22,903, 0.033397
22,904, 0.033547
22,905, 0.033535
22,906, 0.033699
22,907, 0.033534
22,908, 0.033692
22,909, 0.033824
22,910, 0.033690
22,911, 0.034114
22,912, 0.033823
22,913, 0.034544
22,914, 0.033834
22,915, 0.214704
22,916, 0.034160
22,917, 0.034691
22,918, 0.034404
22,919, 0.034688
22,920, 0.034692
22,921, 0.034683
22,922, 0.034844
22,923, 0.034820
22,924, 0.034976
22,925, 0.035120
22,926, 0.034987
22,927, 0.035400
22,928, 0.035114
22,929, 0.035268
22,930, 0.035401
22,931, 0.035270
22,932, 0.035832
22,933, 0.217860
22,934, 0.036027
22,935, 0.035548
22,936, 0.036261
22,937, 0.035838
22,938, 0.036407
22,939, 0.036127
22,940, 0.036270
22,941, 0.036406
22,942, 0.036407
22,943, 0.036557
22,944, 0.036547
22,945, 0.036563
22,946, 0.036697
22,947, 0.036692
22,948, 0.036985
22,949, 0.036832
22,950, 0.036984
22,951, 0.037125
22,952, 0.036989
22,953, 0.037412
22,954, 0.036984
22,955, 0.037841
22,956, 0.036988
22,957, 0.037840
22,958, 0.037279
22,959, 0.037835
22,960, 0.037694
22,961, 0.037985
22,962, 0.037994
22,963, 0.037976
22,964, 0.038143
22,965, 0.038120
22,966, 0.038277
22,967, 0.038412
22,968, 0.038283
22,969, 0.038692
22,970, 0.217767
22,971, 0.038576
22,972, 0.038690
22,973, 0.038700
22,974, 0.039140
22,975, 0.038566
22,976, 0.039408
22,977, 0.038702
22,978, 0.039564
22,979, 0.038996
22,980, 0.039559
22,981, 0.039284
22,982, 0.039571
22,983, 0.039566
22,984, 0.039557
22,985, 0.039846
22,986, 0.039712
22,987, 0.039851
22,988, 0.039996
22,989, 0.039987
22,990, 0.040282
22,991, 0.040136
22,992, 0.040282
22,993, 0.040291
22,994, 0.040272
22,995, 0.040710
22,996, 0.040277
22,997, 0.041008
22,998, 0.040412
22,999, 0.041144
22,1000, 0.040568
22,1001, 0.041144
22,1002, 0.040993
22,1003, 0.219967
22,1004, 0.041374
22,1005, 0.041277
22,1006, 0.257514
22,1007, 0.218230
22,1008, 0.041636
22,1009, 0.041715
22,1010, 0.041716
22,1011, 0.041997
22,1012, 0.041858
22,1013, 0.042000
22,1014, 0.042010
22,1015, 0.042134
22,1016, 0.042438
22,1017, 0.042137
22,1018, 0.042725
22,1019, 0.042140
22,1020, 0.043005
22,1021, 0.042430
22,1022, 0.043014
22,1023, 0.042850
22,1024, 0.043007
22,1025, 0.043145
22,1026, 0.043011
22,1027, 0.043282
22,1028, 0.043289
22,1029, 0.259641
22,1030, 0.043562
22,1031, 0.043575
22,1032, 0.043860
22,1033, 0.043729
22,1034, 0.043859
22,1035, 0.043877
22,1036, 0.043724
22,1037, 0.044284
22,1038, 0.043864
22,1039, 0.044584
22,1040, 0.043865
22,1041, 0.044728
22,1042, 0.044147
22,1043, 0.044725
22,1044, 0.044579
22,1045, 0.044872
22,1046, 0.045004
22,1047, 0.044871
22,1048, 0.045015
22,1049, 0.045014
22,1050, 0.045150
22,1051, 0.045299
22,1052, 0.045299
22,1053, 0.045583
22,1054, 0.045435
22,1055, 0.219450
22,1056, 0.218002
22,1057, 0.045530
22,1058, 0.225263
22,1059, 0.045536
22,1060, 0.046446
22,1061, 0.045585
22,1062, 0.046583
22,1063, 0.045887
22,1064, 0.046586
22,1065, 0.046299
22,1066, 0.046586
22,1067, 0.046727
22,1068, 0.046592
22,1069, 0.046736
22,1070, 0.046733
22,1071, 0.047007
22,1072, 0.047030
22,1073, 0.047027
22,1074, 0.047301
22,1075, 0.047155
22,1076, 0.047306
22,1077, 0.047451
22,1078, 0.047441
22,1079, 0.047886
22,1080, 0.047443
22,1081, 0.259167
22,1082, 0.219628
22,1083, 0.217553
22,1084, 0.047830
22,1085, 0.048444
22,1086, 0.048177
22,1087, 0.048444
22,1088, 0.048458
22,1089, 0.048311
22,1090, 0.048872
22,1091, 0.048611
22,1092, 0.048872
22,1093, 0.049031
22,1094, 0.049020
22,1095, 0.049316
22,1096, 0.049161
22,1097, 0.049322
22,1098, 0.049454
22,1099, 0.049314
22,1100, 0.049881
22,1101, 0.049314
22,1102, 0.050177
22,1103, 0.049455
22,1104, 0.050315
22,1105, 0.049746
22,1106, 0.050314
22,1107, 0.050170
22,1108, 0.050454
22,1109, 0.050469
22,1110, 0.050321
22,1111, 0.050594
22,1112, 0.050599
22,1113, 0.050750
22,1114, 0.050889
22,1115, 0.050881
22,1116, 0.051181
22,1117, 0.051034
22,1118, 0.051178
22,1119, 0.051315
22,1120, 0.051177
22,1121, 0.051751
22,1122, 0.051175
22,1123, 0.052042
22,1124, 0.051311
22,1125, 0.239807
22,1126, 0.219416
22,1127, 0.052152
22,1128, 0.222120
22,1129, 0.052256
22,1130, 0.225852
22,1131, 0.052400
22,1132, 0.223901
22,1133, 0.223175
22,1134, 0.052666
22,1135, 0.052888
22,1136, 0.052752
22,1137, 0.053052
22,1138, 0.223270
22,1139, 0.223918
22,1140, 0.053268
22,1141, 0.053179
22,1142, 0.053616
22,1143, 0.053040
22,1144, 0.054038
22,1145, 0.258970
22,1146, 0.054265
22,1147, 0.053482
22,1148, 0.054179
22,1149, 0.053912
22,1150, 0.054175
22,1151, 0.054332
22,1152, 0.054182
22,1153, 0.054471
22,1154, 0.054335
22,1155, 0.054611
22,1156, 0.054761
22,1157, 0.262713
22,1158, 0.220845
22,1159, 0.229994
22,1160, 0.055131
22,1161, 0.055064
22,1162, 0.055182
22,1163, 0.263005
22,1164, 0.221525
22,1165, 0.055937
22,1166, 0.055182
22,1167, 0.056195
22,1168, 0.055614
22,1169, 0.056204
22,1170, 0.056045
22,1171, 0.056340
22,1172, 0.056473
22,1173, 0.056336
22,1174, 0.241020
22,1175, 0.226540
22,1176, 0.220603
22,1177, 0.056863
22,1178, 0.056775
22,1179, 0.057058
22,1180, 0.056904
22,1181, 0.057186
22,1182, 0.259224
22,1183, 0.057169
22,1184, 0.057637
22,1185, 0.057186
22,1186, 0.058064
22,1187, 0.240799
22,1188, 0.058241
22,1189, 0.057631
22,1190, 0.058199
22,1191, 0.058050
22,1192, 0.058342
22,1193, 0.058488
22,1194, 0.058344
22,1195, 0.058631
22,1196, 0.260690
22,1197, 0.225766
22,1198, 0.058878
22,1199, 0.058781
22,1200, 0.059059
22,1201, 0.058916
22,1202, 0.261753
22,1203, 0.059357
22,1204, 0.059080
22,1205, 0.267315
22,1206, 0.059236
22,1207, 0.229452
22,1208, 0.059415
22,1209, 0.060218
22,1210, 0.238409
22,1211, 0.060322
22,1212, 0.060068
22,1213, 0.060210
22,1214, 0.060492
22,1215, 0.060349
22,1216, 0.060635
22,1217, 0.262420
22,1218, 0.224344
22,1219, 0.061011
22,1220, 0.060786
22,1221, 0.061200
22,1222, 0.060926
22,1223, 0.237771
22,1224, 0.241124
22,1225, 0.061279
22,1226, 0.061777
22,1227, 0.061216
22,1228, 0.062209
22,1229, 0.240423
22,1230, 0.224885
22,1231, 0.061682
22,1232, 0.062495
22,1233, 0.269921
22,1234, 0.062383
22,1235, 0.062640
22,1236, 0.062514
22,1237, 0.062779
22,1238, 0.267808
22,1239, 0.229803
22,1240, 0.063062
22,1241, 0.063073
22,1242, 0.063359
22,1243, 0.063219
22,1244, 0.227363
22,1245, 0.223944
22,1246, 0.063354
22,1247, 0.063939
22,1248, 0.271101
22,1249, 0.064341
22,1250, 0.063505
22,1251, 0.064512
22,1252, 0.063791
22,1253, 0.064507
22,1254, 0.064365
22,1255, 0.264441
22,1256, 0.225185
22,1257, 0.064450
22,1258, 0.064797
22,1259, 0.064791
22,1260, 0.064946
22,1261, 0.263579
22,1262, 0.235389
22,1263, 0.065560
22,1264, 0.065228
22,1265, 0.065518
22,1266, 0.065510
22,1267, 0.065505
22,1268, 0.066086
22,1269, 0.065510
22,1270, 0.066515
22,1271, 0.065656
22,1272, 0.066657
22,1273, 0.065940
22,1274, 0.066659
22,1275, 0.066522
22,1276, 0.066660
22,1277, 0.066803
22,1278, 0.066788
22,1279, 0.265665
22,1280, 0.232906
22,1281, 0.237366
22,1282, 0.067444
22,1283, 0.270504
22,1284, 0.067672
22,1285, 0.067379
22,1286, 0.067657
22,1287, 0.067667
22,1288, 0.067663
22,1289, 0.068236
22,1290, 0.067653
22,1291, 0.068662
22,1292, 0.067806
22,1293, 0.068815
22,1294, 0.267659
22,1295, 0.068942
22,1296, 0.068659
22,1297, 0.068818
22,1298, 0.069098
22,1299, 0.068950
22,1300, 0.069372
22,1301, 0.069248
22,1302, 0.069381
22,1303, 0.069672
22,1304, 0.069525
22,1305, 0.069946
22,1306, 0.069675
22,1307, 0.069955
22,1308, 0.275911
22,1309, 0.069873
22,1310, 0.070521
22,1311, 0.070100
22,1312, 0.070964
22,1313, 0.070087
22,1314, 0.266884
22,1315, 0.070296
22,1316, 0.071102
22,1317, 0.070949
22,1318, 0.071245
22,1319, 0.071393
22,1320, 0.071110
22,1321, 0.071517
22,1322, 0.071399
22,1323, 0.071669
22,1324, 0.077676
22,1325, 0.071696
22,1326, 0.072086
22,1327, 0.275491
22,1328, 0.072128
22,1329, 0.237238
22,1330, 0.230053
22,1331, 0.072845
22,1332, 0.268374
22,1333, 0.229006
22,1334, 0.072432
22,1335, 0.073386
22,1336, 0.072666
22,1337, 0.073390
22,1338, 0.073234
22,1339, 0.268637
22,1340, 0.073558
22,1341, 0.073372
22,1342, 0.073669
22,1343, 0.073671
22,1344, 0.073816
22,1345, 0.074096
22,1346, 0.073962
22,1347, 0.074382
22,1348, 0.074105
22,1349, 0.270497
22,1350, 0.237401
22,1351, 0.074394
22,1352, 0.075250
22,1353, 0.268331
22,1354, 0.075418
22,1355, 0.074665
22,1356, 0.075680
22,1357, 0.074953
22,1358, 0.075818
22,1359, 0.075539
22,1360, 0.075816
22,1361, 0.275723
22,1362, 0.075908
22,1363, 0.274646
22,1364, 0.076130
22,1365, 0.076248
22,1366, 0.275584
22,1367, 0.076335
22,1368, 0.076826
22,1369, 0.271671
22,1370, 0.238056
22,1371, 0.077003
22,1372, 0.076818
22,1373, 0.077536
22,1374, 0.076828
22,1375, 0.077835
22,1376, 0.076957
22,1377, 0.078121
22,1378, 0.078538
22,1379, 0.078120
22,1380, 0.079695
22,1381, 0.078117
22,1382, 0.078254
22,1383, 0.078110
22,1384, 0.078402
22,1385, 0.078402
22,1386, 0.078544
22,1387, 0.270287
22,1388, 0.228354
22,1389, 0.079197
22,1390, 0.266599
22,1391, 0.079149
22,1392, 0.079261
22,1393, 0.272363
22,1394, 0.079842
22,1395, 0.079126
22,1396, 0.080252
22,1397, 0.079267
22,1398, 0.276931
22,1399, 0.079712
22,1400, 0.080401
22,1401, 0.080260
22,1402, 0.080413
22,1403, 0.080683
22,1404, 0.080417
22,1405, 0.080695
22,1406, 0.270259
22,1407, 0.234897
22,1408, 0.081268
22,1409, 0.081264
22,1410, 0.275859
22,1411, 0.236647
22,1412, 0.081667
22,1413, 0.081840
22,1414, 0.081689
22,1415, 0.271469
22,1416, 0.081594
22,1417, 0.278432
22,1418, 0.232485
22,1419, 0.082845
22,1420, 0.271167
22,1421, 0.242288
22,1422, 0.082716
22,1423, 0.082988
22,1424, 0.083125
22,1425, 0.278885
22,1426, 0.083207
22,1427, 0.083267
22,1428, 0.083416
22,1429, 0.281730
22,1430, 0.083526
22,1431, 0.278919
22,1432, 0.083736
22,1433, 0.083988
22,1434, 0.084138
22,1435, 0.083987
22,1436, 0.275612
22,1437, 0.243262
22,1438, 0.085190
22,1439, 0.281354
22,1440, 0.085301
22,1441, 0.269418
22,1442, 0.085225
22,1443, 0.084987
22,1444, 0.085296
22,1445, 0.284788
22,1446, 0.085459
22,1447, 0.278077
22,1448, 0.238528
22,1449, 0.085895
22,1450, 0.238316
22,1451, 0.086063
22,1452, 0.241069
22,1453, 0.086188
22,1454, 0.284621
22,1455, 0.086647
22,1456, 0.086410
22,1457, 0.087139
22,1458, 0.283700
22,1459, 0.087576
22,1460, 0.086561
22,1461, 0.284832
22,1462, 0.087006
22,1463, 0.247177
22,1464, 0.087670
22,1465, 0.087999
22,1466, 0.088142
22,1467, 0.087995
22,1468, 0.279884
22,1469, 0.230392
22,1470, 0.088348
22,1471, 0.271911
22,1472, 0.088458
22,1473, 0.249915
22,1474, 0.088670
22,1475, 0.240385
22,1476, 0.233588
22,1477, 0.088936
22,1478, 0.282977
22,1479, 0.232091
22,1480, 0.090145
22,1481, 0.089140
22,1482, 0.090439
22,1483, 0.089576
22,1484, 0.090448
22,1485, 0.284427
22,1486, 0.090422
22,1487, 0.244922
22,1488, 0.090502
22,1489, 0.281844
22,1490, 0.090704
22,1491, 0.287561
22,1492, 0.091159
22,1493, 0.091153
22,1494, 0.091448
22,1495, 0.091302
22,1496, 0.091571
22,1497, 0.281557
22,1498, 0.237235
22,1499, 0.240511
22,1500, 0.091608
