6,500, 0.035252
6,501, 0.035367
6,502, 0.035432
6,503, 0.035664
6,504, 0.035645
6,505, 0.035890
6,506, 0.036116
6,507, 0.036088
6,508, 0.036371
6,509, 0.036349
6,510, 0.036603
6,511, 0.036829
6,512, 0.036799
6,513, 0.037093
6,514, 0.037103
6,515, 0.037285
6,516, 0.037574
6,517, 0.037549
6,518, 0.037799
6,519, 0.037832
6,520, 0.038043
6,521, 0.038284
6,522, 0.038260
6,523, 0.038561
6,524, 0.038527
6,525, 0.038771
6,526, 0.039019
6,527, 0.038982
6,528, 0.039313
6,529, 0.039273
6,530, 0.039544
6,531, 0.039736
6,532, 0.039781
6,533, 0.040046
6,534, 0.040067
6,535, 0.040287
6,536, 0.040607
6,537, 0.040517
6,538, 0.040817
6,539, 0.040809
6,540, 0.041036
6,541, 0.041276
6,542, 0.041249
6,543, 0.041571
6,544, 0.041534
6,545, 0.041849
6,546, 0.042045
6,547, 0.042028
6,548, 0.042351
6,549, 0.042345
6,550, 0.042551
6,551, 0.042851
6,552, 0.042830
6,553, 0.043123
6,554, 0.043089
6,555, 0.043350
6,556, 0.043644
6,557, 0.043614
6,558, 0.043944
6,559, 0.043906
6,560, 0.044097
6,561, 0.044375
6,562, 0.044339
6,563, 0.044686
6,564, 0.044636
6,565, 0.044942
6,566, 0.045133
6,567, 0.045180
6,568, 0.045486
6,569, 0.045414
6,570, 0.045744
6,571, 0.045882
6,572, 0.046107
6,573, 0.046353
6,574, 0.046225
6,575, 0.046498
6,576, 0.046690
6,577, 0.046719
6,578, 0.047030
6,579, 0.047007
6,580, 0.047327
6,581, 0.047609
6,582, 0.047577
6,583, 0.047854
6,584, 0.047879
6,585, 0.048120
6,586, 0.048393
6,587, 0.048363
6,588, 0.048692
6,589, 0.048637
6,590, 0.048954
6,591, 0.049160
6,592, 0.049191
6,593, 0.049525
6,594, 0.049483
6,595, 0.049753
6,596, 0.050044
6,597, 0.050025
6,598, 0.050354
6,599, 0.050364
6,600, 0.050602
6,601, 0.050882
6,602, 0.050842
6,603, 0.051229
6,604, 0.051213
6,605, 0.051468
6,606, 0.051768
6,607, 0.051735
6,608, 0.052054
6,609, 0.052061
6,610, 0.052304
6,611, 0.052591
6,612, 0.052560
6,613, 0.052966
6,614, 0.052895
6,615, 0.053176
6,616, 0.053459
6,617, 0.053473
6,618, 0.053794
6,619, 0.053765
6,620, 0.054014
6,621, 0.054370
6,622, 0.054272
6,623, 0.054630
6,624, 0.054644
6,625, 0.054870
6,626, 0.055199
6,627, 0.055169
6,628, 0.055519
6,629, 0.055491
6,630, 0.055794
6,631, 0.056039
6,632, 0.056040
6,633, 0.056359
6,634, 0.056399
6,635, 0.056654
6,636, 0.056946
6,637, 0.056929
6,638, 0.057321
6,639, 0.057308
6,640, 0.057598
6,641, 0.057891
6,642, 0.057839
6,643, 0.058201
6,644, 0.058270
6,645, 0.058477
6,646, 0.058778
6,647, 0.058757
6,648, 0.059146
6,649, 0.059169
6,650, 0.059415
6,651, 0.059698
6,652, 0.059685
6,653, 0.059965
6,654, 0.059983
6,655, 0.060243
6,656, 0.060628
6,657, 0.060543
6,658, 0.060963
6,659, 0.060950
6,660, 0.061179
6,661, 0.061517
6,662, 0.061473
6,663, 0.061914
6,664, 0.061809
6,665, 0.062152
6,666, 0.062426
6,667, 0.062458
6,668, 0.062739
6,669, 0.062781
6,670, 0.063123
6,671, 0.063408
6,672, 0.063386
6,673, 0.063789
6,674, 0.063710
6,675, 0.064034
6,676, 0.064341
6,677, 0.064348
6,678, 0.064711
6,679, 0.064666
6,680, 0.064995
6,681, 0.065306
6,682, 0.065267
6,683, 0.065683
6,684, 0.065567
6,685, 0.065918
6,686, 0.066297
6,687, 0.066275
6,688, 0.066616
6,689, 0.066636
6,690, 0.066859
6,691, 0.067233
6,692, 0.067161
6,693, 0.067595
6,694, 0.067559
6,695, 0.067891
6,696, 0.068198
6,697, 0.068145
6,698, 0.068563
6,699, 0.068526
6,700, 0.068838
6,701, 0.069242
6,702, 0.069205
6,703, 0.069578
6,704, 0.069595
6,705, 0.069845
6,706, 0.070213
6,707, 0.070163
6,708, 0.070610
6,709, 0.070585
6,710, 0.070890
6,711, 0.071175
6,712, 0.071160
6,713, 0.071566
6,714, 0.071521
6,715, 0.071837
6,716, 0.072192
6,717, 0.072140
6,718, 0.072605
6,719, 0.072436
6,720, 0.072837
6,721, 0.073160
6,722, 0.073147
6,723, 0.073603
6,724, 0.073490
6,725, 0.073919
6,726, 0.074146
6,727, 0.074141
6,728, 0.074611
6,729, 0.074601
6,730, 0.074891
6,731, 0.075295
6,732, 0.075267
6,733, 0.075690
6,734, 0.075641
6,735, 0.075962
6,736, 0.076268
6,737, 0.076304
6,738, 0.076669
6,739, 0.076669
6,740, 0.077023
6,741, 0.077358
6,742, 0.077312
6,743, 0.077732
6,744, 0.077632
6,745, 0.078001
6,746, 0.078270
6,747, 0.078320
6,748, 0.078715
6,749, 0.078722
6,750, 0.079041
6,751, 0.079380
6,752, 0.079394
6,753, 0.079765
6,754, 0.079798
6,755, 0.080109
6,756, 0.080454
6,757, 0.080486
6,758, 0.080864
6,759, 0.080880
6,760, 0.081177
6,761, 0.081487
6,762, 0.081486
6,763, 0.081941
6,764, 0.081905
6,765, 0.082204
6,766, 0.082597
6,767, 0.082590
6,768, 0.083040
6,769, 0.083011
6,770, 0.083353
6,771, 0.083695
6,772, 0.083687
6,773, 0.084125
6,774, 0.084046
6,775, 0.084406
6,776, 0.084733
6,777, 0.084771
6,778, 0.085195
6,779, 0.085183
6,780, 0.085561
6,781, 0.085929
6,782, 0.085876
6,783, 0.086246
6,784, 0.086225
6,785, 0.086573
6,786, 0.086924
6,787, 0.086963
6,788, 0.087379
6,789, 0.087374
6,790, 0.087707
6,791, 0.088096
6,792, 0.088054
6,793, 0.088571
6,794, 0.088571
6,795, 0.088901
6,796, 0.089226
6,797, 0.089222
6,798, 0.089578
6,799, 0.089630
6,800, 0.089942
6,801, 0.090300
6,802, 0.090315
6,803, 0.090828
6,804, 0.090792
6,805, 0.091213
6,806, 0.091533
6,807, 0.091468
6,808, 0.091926
6,809, 0.091904
6,810, 0.092309
6,811, 0.092650
6,812, 0.092576
6,813, 0.093027
6,814, 0.092948
6,815, 0.093369
6,816, 0.093747
6,817, 0.093703
6,818, 0.094151
6,819, 0.094155
6,820, 0.094451
6,821, 0.094863
6,822, 0.094837
6,823, 0.095348
6,824, 0.095307
6,825, 0.095794
6,826, 0.095995
6,827, 0.096053
6,828, 0.096547
6,829, 0.096550
6,830, 0.096928
6,831, 0.097314
6,832, 0.097214
6,833, 0.097747
6,834, 0.097713
6,835, 0.097914
6,836, 0.098484
6,837, 0.098443
6,838, 0.098866
6,839, 0.098815
6,840, 0.099284
6,841, 0.099540
6,842, 0.099563
6,843, 0.100070
6,844, 0.099984
6,845, 0.100393
6,846, 0.100736
6,847, 0.100764
6,848, 0.101169
6,849, 0.101185
6,850, 0.101476
6,851, 0.101906
6,852, 0.101883
6,853, 0.102337
6,854, 0.102364
6,855, 0.102734
6,856, 0.103142
6,857, 0.103218
6,858, 0.103561
6,859, 0.103575
6,860, 0.103953
6,861, 0.104369
6,862, 0.104337
6,863, 0.104819
6,864, 0.104790
6,865, 0.105207
6,866, 0.105626
6,867, 0.105452
6,868, 0.105934
6,869, 0.106013
6,870, 0.106399
6,871, 0.106769
6,872, 0.106761
6,873, 0.107215
6,874, 0.107152
6,875, 0.107618
6,876, 0.108001
6,877, 0.107977
6,878, 0.108469
6,879, 0.108377
6,880, 0.108839
6,881, 0.109255
6,882, 0.109118
6,883, 0.109831
6,884, 0.109730
6,885, 0.110110
6,886, 0.110460
6,887, 0.110475
6,888, 0.110940
6,889, 0.110897
6,890, 0.111324
6,891, 0.111712
6,892, 0.111783
6,893, 0.112309
6,894, 0.112218
6,895, 0.112643
6,896, 0.112987
6,897, 0.113005
6,898, 0.113441
6,899, 0.113463
6,900, 0.113872
6,901, 0.114269
6,902, 0.114236
6,903, 0.114746
6,904, 0.114752
6,905, 0.115134
6,906, 0.115432
6,907, 0.115483
6,908, 0.115994
6,909, 0.115994
6,910, 0.116459
6,911, 0.116818
6,912, 0.116833
6,913, 0.117398
6,914, 0.117313
6,915, 0.117722
6,916, 0.118059
6,917, 0.118032
6,918, 0.118623
6,919, 0.118550
6,920, 0.119042
6,921, 0.119341
6,922, 0.119298
6,923, 0.119835
6,924, 0.119778
6,925, 0.120225
6,926, 0.120593
6,927, 0.120631
6,928, 0.121127
6,929, 0.121156
6,930, 0.121550
6,931, 0.121972
6,932, 0.121907
6,933, 0.122364
6,934, 0.122437
6,935, 0.122920
6,936, 0.123356
6,937, 0.123323
6,938, 0.123805
6,939, 0.123786
6,940, 0.124197
6,941, 0.124628
6,942, 0.124640
6,943, 0.125163
6,944, 0.125081
6,945, 0.125592
6,946, 0.125970
6,947, 0.125938
6,948, 0.126545
6,949, 0.126475
6,950, 0.126845
6,951, 0.127237
6,952, 0.127172
6,953, 0.127819
6,954, 0.127792
6,955, 0.128204
6,956, 0.128600
6,957, 0.128562
6,958, 0.129103
6,959, 0.129060
6,960, 0.129526
6,961, 0.129927
6,962, 0.129941
6,963, 0.130545
6,964, 0.130476
6,965, 0.130887
6,966, 0.131401
6,967, 0.131325
6,968, 0.131860
6,969, 0.131871
6,970, 0.132296
6,971, 0.132771
6,972, 0.132663
6,973, 0.133244
6,974, 0.133233
6,975, 0.133643
6,976, 0.134179
6,977, 0.134107
6,978, 0.134681
6,979, 0.134672
6,980, 0.135055
6,981, 0.135442
6,982, 0.135416
6,983, 0.135860
6,984, 0.135853
6,985, 0.136341
6,986, 0.136741
6,987, 0.136789
6,988, 0.137338
6,989, 0.137238
6,990, 0.137743
6,991, 0.138218
6,992, 0.138132
6,993, 0.138732
6,994, 0.138649
6,995, 0.139108
6,996, 0.139732
6,997, 0.139627
6,998, 0.140189
6,999, 0.140220
6,1000, 0.140514
6,1001, 0.140972
6,1002, 0.140957
6,1003, 0.141598
6,1004, 0.141536
6,1005, 0.141978
6,1006, 0.142510
6,1007, 0.142411
6,1008, 0.142921
6,1009, 0.142933
6,1010, 0.143485
6,1011, 0.143895
6,1012, 0.143816
6,1013, 0.144421
6,1014, 0.144369
6,1015, 0.144715
6,1016, 0.145296
6,1017, 0.145235
6,1018, 0.145807
6,1019, 0.145669
6,1020, 0.146258
6,1021, 0.146713
6,1022, 0.146713
6,1023, 0.147315
6,1024, 0.147242
6,1025, 0.147707
6,1026, 0.148103
6,1027, 0.148108
6,1028, 0.148694
6,1029, 0.148637
6,1030, 0.149087
6,1031, 0.149624
6,1032, 0.149587
6,1033, 0.150085
6,1034, 0.150111
6,1035, 0.150608
6,1036, 0.151014
6,1037, 0.151074
6,1038, 0.151659
6,1039, 0.151586
6,1040, 0.152138
6,1041, 0.152560
6,1042, 0.152505
6,1043, 0.153059
6,1044, 0.152982
6,1045, 0.153494
6,1046, 0.153968
6,1047, 0.153911
6,1048, 0.154428
6,1049, 0.154485
6,1050, 0.155003
6,1051, 0.155539
6,1052, 0.155420
6,1053, 0.156096
6,1054, 0.155986
6,1055, 0.156621
6,1056, 0.156941
6,1057, 0.156898
6,1058, 0.157489
6,1059, 0.157444
6,1060, 0.158015
6,1061, 0.158282
6,1062, 0.158489
6,1063, 0.159039
6,1064, 0.159083
6,1065, 0.159449
6,1066, 0.160052
6,1067, 0.159958
6,1068, 0.160546
6,1069, 0.160477
6,1070, 0.160908
6,1071, 0.161412
6,1072, 0.161395
6,1073, 0.161976
6,1074, 0.161985
6,1075, 0.162516
6,1076, 0.162977
6,1077, 0.163049
6,1078, 0.163509
6,1079, 0.163535
6,1080, 0.163969
6,1081, 0.164579
6,1082, 0.164555
6,1083, 0.165125
6,1084, 0.165122
6,1085, 0.165617
6,1086, 0.166059
6,1087, 0.166048
6,1088, 0.166642
6,1089, 0.166605
6,1090, 0.167117
6,1091, 0.167557
6,1092, 0.167616
6,1093, 0.168201
6,1094, 0.168207
6,1095, 0.168586
6,1096, 0.169069
6,1097, 0.169013
6,1098, 0.169668
6,1099, 0.169663
6,1100, 0.170094
6,1101, 0.170706
6,1102, 0.170660
6,1103, 0.171232
6,1104, 0.171302
6,1105, 0.171785
6,1106, 0.172212
6,1107, 0.172241
6,1108, 0.172867
6,1109, 0.172790
6,1110, 0.173255
6,1111, 0.173809
6,1112, 0.173824
6,1113, 0.174422
6,1114, 0.174255
6,1115, 0.174759
6,1116, 0.175442
6,1117, 0.175242
6,1118, 0.175898
6,1119, 0.175885
6,1120, 0.176396
6,1121, 0.176954
6,1122, 0.176876
6,1123, 0.177485
6,1124, 0.177465
6,1125, 0.177917
6,1126, 0.178425
6,1127, 0.178415
6,1128, 0.179079
6,1129, 0.179101
6,1130, 0.179582
6,1131, 0.180100
6,1132, 0.180058
6,1133, 0.180681
6,1134, 0.180569
6,1135, 0.181114
6,1136, 0.181615
6,1137, 0.181551
6,1138, 0.182257
6,1139, 0.182260
6,1140, 0.182752
6,1141, 0.183307
6,1142, 0.183171
6,1143, 0.183816
6,1144, 0.183916
6,1145, 0.184419
6,1146, 0.184969
6,1147, 0.184888
6,1148, 0.185631
6,1149, 0.185468
6,1150, 0.186052
6,1151, 0.186537
6,1152, 0.186488
6,1153, 0.187231
6,1154, 0.187062
6,1155, 0.187635
6,1156, 0.188163
6,1157, 0.188115
6,1158, 0.188791
6,1159, 0.188764
6,1160, 0.189279
6,1161, 0.189677
6,1162, 0.189769
6,1163, 0.190373
6,1164, 0.190213
6,1165, 0.190838
6,1166, 0.191378
6,1167, 0.191363
6,1168, 0.192068
6,1169, 0.192049
6,1170, 0.192525
6,1171, 0.193052
6,1172, 0.192915
6,1173, 0.193595
6,1174, 0.193584
6,1175, 0.194117
6,1176, 0.194701
6,1177, 0.194806
6,1178, 0.195357
6,1179, 0.195223
6,1180, 0.195771
6,1181, 0.196298
6,1182, 0.196207
6,1183, 0.196954
6,1184, 0.196880
6,1185, 0.197395
6,1186, 0.198079
6,1187, 0.197993
6,1188, 0.198736
6,1189, 0.198614
6,1190, 0.199209
6,1191, 0.199620
6,1192, 0.199720
6,1193, 0.200418
6,1194, 0.200366
6,1195, 0.200948
6,1196, 0.201437
6,1197, 0.201359
6,1198, 0.202052
6,1199, 0.201868
6,1200, 0.202421
6,1201, 0.203145
6,1202, 0.203031
6,1203, 0.203721
6,1204, 0.203545
6,1205, 0.204201
6,1206, 0.204769
6,1207, 0.204687
6,1208, 0.205335
6,1209, 0.205261
6,1210, 0.205817
6,1211, 0.206510
6,1212, 0.206473
6,1213, 0.207118
6,1214, 0.206997
6,1215, 0.207565
6,1216, 0.208171
6,1217, 0.208178
6,1218, 0.208877
6,1219, 0.208850
6,1220, 0.209316
6,1221, 0.209757
6,1222, 0.209763
6,1223, 0.210498
6,1224, 0.210504
6,1225, 0.210985
6,1226, 0.211631
6,1227, 0.211631
6,1228, 0.212198
6,1229, 0.212189
6,1230, 0.212765
6,1231, 0.213402
6,1232, 0.213283
6,1233, 0.214045
6,1234, 0.213971
6,1235, 0.214534
6,1236, 0.215108
6,1237, 0.215089
6,1238, 0.215603
6,1239, 0.215562
6,1240, 0.216117
6,1241, 0.216722
6,1242, 0.216685
6,1243, 0.217337
6,1244, 0.217470
6,1245, 0.218015
6,1246, 0.218583
6,1247, 0.218406
6,1248, 0.219182
6,1249, 0.219169
6,1250, 0.219775
6,1251, 0.220399
6,1252, 0.220340
6,1253, 0.221021
6,1254, 0.220924
6,1255, 0.221446
6,1256, 0.222105
6,1257, 0.221910
6,1258, 0.222757
6,1259, 0.222524
6,1260, 0.223138
6,1261, 0.223869
6,1262, 0.223807
6,1263, 0.224542
6,1264, 0.224448
6,1265, 0.225070
6,1266, 0.225518
6,1267, 0.225543
6,1268, 0.226376
6,1269, 0.226288
6,1270, 0.226836
6,1271, 0.227315
6,1272, 0.227313
6,1273, 0.227900
6,1274, 0.227895
6,1275, 0.228699
6,1276, 0.229213
6,1277, 0.229075
6,1278, 0.229710
6,1279, 0.229751
6,1280, 0.230288
6,1281, 0.230913
6,1282, 0.230871
6,1283, 0.231553
6,1284, 0.231685
6,1285, 0.232228
6,1286, 0.232820
6,1287, 0.232738
6,1288, 0.233471
6,1289, 0.233390
6,1290, 0.233997
6,1291, 0.234656
6,1292, 0.234580
6,1293, 0.235237
6,1294, 0.235092
6,1295, 0.235607
6,1296, 0.236277
6,1297, 0.236286
6,1298, 0.237319
6,1299, 0.237035
6,1300, 0.237655
6,1301, 0.238237
6,1302, 0.238290
6,1303, 0.238955
6,1304, 0.238751
6,1305, 0.239340
6,1306, 0.240005
6,1307, 0.240049
6,1308, 0.240810
6,1309, 0.240668
6,1310, 0.241267
6,1311, 0.241811
6,1312, 0.241729
6,1313, 0.242554
6,1314, 0.242549
6,1315, 0.243176
6,1316, 0.243839
6,1317, 0.243774
6,1318, 0.244511
6,1319, 0.244440
6,1320, 0.245018
6,1321, 0.245648
6,1322, 0.245535
6,1323, 0.246242
6,1324, 0.246189
6,1325, 0.246734
6,1326, 0.247558
6,1327, 0.247374
6,1328, 0.248039
6,1329, 0.247957
6,1330, 0.248748
6,1331, 0.249346
6,1332, 0.249309
6,1333, 0.250139
6,1334, 0.249974
6,1335, 0.250644
6,1336, 0.251183
6,1337, 0.251099
6,1338, 0.251911
6,1339, 0.251811
6,1340, 0.252594
6,1341, 0.253115
6,1342, 0.252920
6,1343, 0.253753
6,1344, 0.253627
6,1345, 0.254240
6,1346, 0.255065
6,1347, 0.254941
6,1348, 0.255797
6,1349, 0.255691
6,1350, 0.256198
6,1351, 0.256974
6,1352, 0.256940
6,1353, 0.257449
6,1354, 0.257626
6,1355, 0.258096
6,1356, 0.258812
6,1357, 0.258671
6,1358, 0.259601
6,1359, 0.259368
6,1360, 0.260166
6,1361, 0.260580
6,1362, 0.260675
6,1363, 0.261578
6,1364, 0.261476
6,1365, 0.262001
6,1366, 0.262512
6,1367, 0.262614
6,1368, 0.263361
6,1369, 0.263397
6,1370, 0.263892
6,1371, 0.264605
6,1372, 0.264469
6,1373, 0.265400
6,1374, 0.265087
6,1375, 0.265785
6,1376, 0.266486
6,1377, 0.266531
6,1378, 0.267343
6,1379, 0.267189
6,1380, 0.267826
6,1381, 0.268504
6,1382, 0.268551
6,1383, 0.269193
6,1384, 0.269190
6,1385, 0.269898
6,1386, 0.270415
6,1387, 0.270409
6,1388, 0.271131
6,1389, 0.271059
6,1390, 0.271823
6,1391, 0.272311
6,1392, 0.272388
6,1393, 0.273114
6,1394, 0.272921
6,1395, 0.273744
6,1396, 0.274244
6,1397, 0.274206
6,1398, 0.274964
6,1399, 0.274815
6,1400, 0.275499
6,1401, 0.276145
6,1402, 0.276301
6,1403, 0.277158
6,1404, 0.277026
6,1405, 0.277672
6,1406, 0.278221
6,1407, 0.278352
6,1408, 0.278925
6,1409, 0.278927
6,1410, 0.279649
6,1411, 0.280350
6,1412, 0.280348
6,1413, 0.281160
6,1414, 0.280945
6,1415, 0.281649
6,1416, 0.282144
6,1417, 0.282323
6,1418, 0.282915
6,1419, 0.283009
6,1420, 0.283630
6,1421, 0.284153
6,1422, 0.284000
6,1423, 0.284771
6,1424, 0.285062
6,1425, 0.285683
6,1426, 0.286310
6,1427, 0.286241
6,1428, 0.286940
6,1429, 0.287125
6,1430, 0.287482
6,1431, 0.288143
6,1432, 0.288073
6,1433, 0.288856
6,1434, 0.289070
6,1435, 0.289664
6,1436, 0.290412
6,1437, 0.290213
6,1438, 0.290957
6,1439, 0.290973
6,1440, 0.291537
6,1441, 0.292374
6,1442, 0.292252
6,1443, 0.293228
6,1444, 0.293028
6,1445, 0.293814
6,1446, 0.294335
6,1447, 0.294159
6,1448, 0.295099
6,1449, 0.295054
6,1450, 0.295639
6,1451, 0.296413
6,1452, 0.296411
6,1453, 0.297277
6,1454, 0.297021
6,1455, 0.297910
6,1456, 0.298432
6,1457, 0.298419
6,1458, 0.299344
6,1459, 0.299096
6,1460, 0.299662
6,1461, 0.300480
6,1462, 0.300395
6,1463, 0.301115
6,1464, 0.301166
6,1465, 0.302006
6,1466, 0.302611
6,1467, 0.302651
6,1468, 0.303273
6,1469, 0.303187
6,1470, 0.303803
6,1471, 0.304604
6,1472, 0.304572
6,1473, 0.305333
6,1474, 0.305264
6,1475, 0.306283
6,1476, 0.306646
6,1477, 0.306760
6,1478, 0.307507
6,1479, 0.307518
6,1480, 0.308214
6,1481, 0.308761
6,1482, 0.308854
6,1483, 0.309608
6,1484, 0.309557
6,1485, 0.310262
6,1486, 0.310801
6,1487, 0.310728
6,1488, 0.311718
6,1489, 0.311590
6,1490, 0.312134
6,1491, 0.313065
6,1492, 0.312997
6,1493, 0.313837
6,1494, 0.313749
6,1495, 0.314498
6,1496, 0.315285
6,1497, 0.314914
6,1498, 0.315887
6,1499, 0.315624
6,1500, 0.316426
