31,500, 0.068032
31,501, 0.206193
31,502, 0.007741
31,503, 0.007597
31,504, 0.007743
31,505, 0.007589
31,506, 0.007746
31,507, 0.007729
31,508, 0.007747
31,509, 0.007737
31,510, 0.007871
31,511, 0.206831
31,512, 0.452811
31,513, 0.019166
31,514, 0.216690
31,515, 0.216590
31,516, 0.218590
31,517, 0.216817
31,518, 0.219333
31,519, 0.216647
31,520, 0.219375
31,521, 0.215870
31,522, 0.216743
31,523, 0.219415
31,524, 0.216579
31,525, 0.219288
31,526, 0.217062
31,527, 0.216243
31,528, 0.216184
31,529, 0.218683
31,530, 0.216515
31,531, 0.219509
31,532, 0.215852
31,533, 0.216632
31,534, 0.219375
31,535, 0.216170
31,536, 0.216882
31,537, 0.216342
31,538, 0.215814
31,539, 0.215993
31,540, 0.216089
31,541, 0.216096
31,542, 0.216426
31,543, 0.008958
31,544, 0.217818
31,545, 0.009120
31,546, 0.219146
31,547, 0.009351
31,548, 0.009065
31,549, 0.217585
31,550, 0.009194
31,551, 0.218771
31,552, 0.220058
31,553, 0.219930
31,554, 0.220064
31,555, 0.220058
31,556, 0.219760
31,557, 0.220068
31,558, 0.219920
31,559, 0.219891
31,560, 0.019625
31,561, 0.009416
31,562, 0.009603
31,563, 0.221312
31,564, 0.009641
31,565, 0.218625
31,566, 0.009730
31,567, 0.222249
31,568, 0.009707
31,569, 0.218400
31,570, 0.009830
31,571, 0.218131
31,572, 0.009804
31,573, 0.218153
31,574, 0.009916
31,575, 0.218186
31,576, 0.009900
31,577, 0.222082
31,578, 0.009871
31,579, 0.214602
31,580, 0.010083
31,581, 0.010267
31,582, 0.010083
31,583, 0.010262
31,584, 0.017935
31,585, 0.010307
31,586, 0.010314
31,587, 0.010325
31,588, 0.010452
31,589, 0.246790
31,590, 0.224825
31,591, 0.010496
31,592, 0.010617
31,593, 0.010455
31,594, 0.010745
31,595, 0.010606
31,596, 0.215755
31,597, 0.010611
31,598, 0.228792
31,599, 0.010755
31,600, 0.010752
31,601, 0.010884
31,602, 0.010889
31,603, 0.018914
31,604, 0.010900
31,605, 0.218518
31,606, 0.015508
31,607, 0.045117
31,608, 0.016071
31,609, 0.011408
31,610, 0.011119
31,611, 0.221004
31,612, 0.218656
31,613, 0.220697
31,614, 0.220925
31,615, 0.219728
31,616, 0.011382
31,617, 0.011448
31,618, 0.011470
31,619, 0.011464
31,620, 0.011606
31,621, 0.011467
31,622, 0.011747
31,623, 0.011476
31,624, 0.018939
31,625, 0.221187
31,626, 0.019684
31,627, 0.011829
31,628, 0.011897
31,629, 0.015638
31,630, 0.011891
31,631, 0.020560
31,632, 0.019022
31,633, 0.044089
31,634, 0.221676
31,635, 0.219927
31,636, 0.220308
31,637, 0.218526
31,638, 0.225240
31,639, 0.222903
31,640, 0.221343
31,641, 0.226674
31,642, 0.225365
31,643, 0.012534
31,644, 0.012333
31,645, 0.012464
31,646, 0.012468
31,647, 0.012477
31,648, 0.012604
31,649, 0.020504
31,650, 0.012739
31,651, 0.219620
31,652, 0.019336
31,653, 0.012638
31,654, 0.018701
31,655, 0.012822
31,656, 0.220415
31,657, 0.219423
31,658, 0.228737
31,659, 0.223299
31,660, 0.220640
31,661, 0.219256
31,662, 0.247842
31,663, 0.224925
31,664, 0.219763
31,665, 0.219433
31,666, 0.221142
31,667, 0.219671
31,668, 0.218742
31,669, 0.221254
31,670, 0.219490
31,671, 0.015748
31,672, 0.219220
31,673, 0.222575
31,674, 0.218711
31,675, 0.225163
31,676, 0.013586
31,677, 0.021110
31,678, 0.013846
31,679, 0.021551
31,680, 0.013862
31,681, 0.245690
31,682, 0.014063
31,683, 0.219336
31,684, 0.014058
31,685, 0.221948
31,686, 0.208963
31,687, 0.217959
31,688, 0.221764
31,689, 0.248157
31,690, 0.223033
31,691, 0.220177
31,692, 0.014348
31,693, 0.221649
31,694, 0.049131
31,695, 0.014634
31,696, 0.045316
31,697, 0.014744
31,698, 0.220433
31,699, 0.014817
31,700, 0.221046
31,701, 0.220206
31,702, 0.218693
31,703, 0.220635
31,704, 0.221711
31,705, 0.221730
31,706, 0.221180
31,707, 0.220918
31,708, 0.222817
31,709, 0.015624
31,710, 0.015200
31,711, 0.015047
31,712, 0.015334
31,713, 0.022702
31,714, 0.015285
31,715, 0.018065
31,716, 0.223311
31,717, 0.015237
31,718, 0.020056
31,719, 0.220933
31,720, 0.015457
31,721, 0.218615
31,722, 0.221549
31,723, 0.015824
31,724, 0.023745
31,725, 0.015708
31,726, 0.021096
31,727, 0.015889
31,728, 0.223914
31,729, 0.246246
31,730, 0.222009
31,731, 0.212496
31,732, 0.223939
31,733, 0.223945
31,734, 0.224090
31,735, 0.225965
31,736, 0.221756
31,737, 0.016187
31,738, 0.222452
31,739, 0.219900
31,740, 0.215240
31,741, 0.221914
31,742, 0.226664
31,743, 0.224223
31,744, 0.225257
31,745, 0.211977
31,746, 0.225227
31,747, 0.222474
31,748, 0.227954
31,749, 0.221912
31,750, 0.225487
31,751, 0.016931
31,752, 0.016781
31,753, 0.017043
31,754, 0.220955
31,755, 0.220815
31,756, 0.224082
31,757, 0.224835
31,758, 0.227212
31,759, 0.223109
31,760, 0.220910
31,761, 0.223747
31,762, 0.220432
31,763, 0.210552
31,764, 0.221053
31,765, 0.222653
31,766, 0.211074
31,767, 0.210611
31,768, 0.213504
31,769, 0.223632
31,770, 0.222588
31,771, 0.212720
31,772, 0.224920
31,773, 0.017681
31,774, 0.025776
31,775, 0.017808
31,776, 0.225523
31,777, 0.217444
31,778, 0.250036
31,779, 0.225022
31,780, 0.224095
31,781, 0.227768
31,782, 0.223110
31,783, 0.224325
31,784, 0.225920
31,785, 0.222641
31,786, 0.223663
31,787, 0.229673
31,788, 0.222637
31,789, 0.233428
31,790, 0.223744
31,791, 0.222829
31,792, 0.225578
31,793, 0.223598
31,794, 0.223013
31,795, 0.217002
31,796, 0.224211
31,797, 0.222415
31,798, 0.217402
31,799, 0.222610
31,800, 0.212627
31,801, 0.224765
31,802, 0.023212
31,803, 0.019089
31,804, 0.019489
31,805, 0.225165
31,806, 0.225046
31,807, 0.247221
31,808, 0.223546
31,809, 0.222161
31,810, 0.019630
31,811, 0.254537
31,812, 0.222642
31,813, 0.226506
31,814, 0.223984
31,815, 0.223919
31,816, 0.019789
31,817, 0.020075
31,818, 0.249317
31,819, 0.230057
31,820, 0.021070
31,821, 0.220748
31,822, 0.223680
31,823, 0.215611
31,824, 0.226767
31,825, 0.221946
31,826, 0.226154
31,827, 0.224460
31,828, 0.222672
31,829, 0.249444
31,830, 0.248755
31,831, 0.215737
31,832, 0.223951
31,833, 0.223690
31,834, 0.222096
31,835, 0.224899
31,836, 0.212007
31,837, 0.223161
31,838, 0.225557
31,839, 0.222866
31,840, 0.223538
31,841, 0.224904
31,842, 0.249723
31,843, 0.226650
31,844, 0.225299
31,845, 0.251976
31,846, 0.220358
31,847, 0.225871
31,848, 0.222957
31,849, 0.224100
31,850, 0.223518
31,851, 0.224935
31,852, 0.225596
31,853, 0.224479
31,854, 0.228921
31,855, 0.227982
31,856, 0.228208
31,857, 0.224082
31,858, 0.225059
31,859, 0.222965
31,860, 0.224359
31,861, 0.214742
31,862, 0.226958
31,863, 0.221811
31,864, 0.224234
31,865, 0.225643
31,866, 0.224253
31,867, 0.223078
31,868, 0.225224
31,869, 0.222074
31,870, 0.225984
31,871, 0.224059
31,872, 0.022560
31,873, 0.022647
31,874, 0.220063
31,875, 0.252281
31,876, 0.226701
31,877, 0.210884
31,878, 0.222616
31,879, 0.225704
31,880, 0.210718
31,881, 0.226797
31,882, 0.227374
31,883, 0.227633
31,884, 0.228708
31,885, 0.227521
31,886, 0.222692
31,887, 0.250254
31,888, 0.226048
31,889, 0.226948
31,890, 0.250791
31,891, 0.227276
31,892, 0.227961
31,893, 0.221919
31,894, 0.226111
31,895, 0.228113
31,896, 0.219190
31,897, 0.225893
31,898, 0.212935
31,899, 0.226996
31,900, 0.216015
31,901, 0.216650
31,902, 0.229908
31,903, 0.225160
31,904, 0.231173
31,905, 0.229305
31,906, 0.216403
31,907, 0.230423
31,908, 0.228906
31,909, 0.228257
31,910, 0.226843
31,911, 0.229363
31,912, 0.224983
31,913, 0.226343
31,914, 0.227280
31,915, 0.228778
31,916, 0.225838
31,917, 0.025086
31,918, 0.025225
31,919, 0.024955
31,920, 0.025215
31,921, 0.222988
31,922, 0.224655
31,923, 0.223943
31,924, 0.224574
31,925, 0.223461
31,926, 0.224078
31,927, 0.223942
31,928, 0.226386
31,929, 0.226858
31,930, 0.228581
31,931, 0.230111
31,932, 0.224388
31,933, 0.226870
31,934, 0.224658
31,935, 0.230534
31,936, 0.226544
31,937, 0.223663
31,938, 0.229962
31,939, 0.026532
31,940, 0.026098
31,941, 0.252753
31,942, 0.230048
31,943, 0.229039
31,944, 0.026439
31,945, 0.227295
31,946, 0.230046
31,947, 0.227195
31,948, 0.229417
31,949, 0.224515
31,950, 0.227518
31,951, 0.225575
31,952, 0.230367
31,953, 0.252734
31,954, 0.224238
31,955, 0.225781
31,956, 0.027239
31,957, 0.226541
31,958, 0.224613
31,959, 0.223810
31,960, 0.223943
31,961, 0.223544
31,962, 0.224731
31,963, 0.218957
31,964, 0.225194
31,965, 0.235034
31,966, 0.230478
31,967, 0.228281
31,968, 0.230510
31,969, 0.223948
31,970, 0.227963
31,971, 0.229828
31,972, 0.225000
31,973, 0.230661
31,974, 0.253204
31,975, 0.251304
31,976, 0.028346
31,977, 0.028383
31,978, 0.028392
31,979, 0.251545
31,980, 0.224787
31,981, 0.223671
31,982, 0.223664
31,983, 0.224098
31,984, 0.223229
31,985, 0.224653
31,986, 0.227173
31,987, 0.225008
31,988, 0.227611
31,989, 0.227389
31,990, 0.224856
31,991, 0.225774
31,992, 0.225834
31,993, 0.228041
31,994, 0.225422
31,995, 0.227824
31,996, 0.228110
31,997, 0.217313
31,998, 0.225837
31,999, 0.227261
31,1000, 0.224912
31,1001, 0.234988
31,1002, 0.225076
31,1003, 0.231430
31,1004, 0.225809
31,1005, 0.226918
31,1006, 0.224685
31,1007, 0.228513
31,1008, 0.229605
31,1009, 0.251961
31,1010, 0.225524
31,1011, 0.223940
31,1012, 0.255337
31,1013, 0.224397
31,1014, 0.228066
31,1015, 0.230945
31,1016, 0.030726
31,1017, 0.030677
31,1018, 0.254184
31,1019, 0.253372
31,1020, 0.228834
31,1021, 0.228226
31,1022, 0.227966
31,1023, 0.217713
31,1024, 0.218495
31,1025, 0.218589
31,1026, 0.217634
31,1027, 0.234567
31,1028, 0.231985
31,1029, 0.229328
31,1030, 0.230191
31,1031, 0.229642
31,1032, 0.254102
31,1033, 0.233020
31,1034, 0.231953
31,1035, 0.215282
31,1036, 0.220045
31,1037, 0.233874
31,1038, 0.254323
31,1039, 0.231724
31,1040, 0.252435
31,1041, 0.230394
31,1042, 0.228868
31,1043, 0.227190
31,1044, 0.229046
31,1045, 0.232401
31,1046, 0.219540
31,1047, 0.226210
31,1048, 0.230258
31,1049, 0.220873
31,1050, 0.229457
31,1051, 0.234344
31,1052, 0.229738
31,1053, 0.230383
31,1054, 0.220280
31,1055, 0.218964
31,1056, 0.222008
31,1057, 0.223587
31,1058, 0.218475
31,1059, 0.218714
31,1060, 0.230136
31,1061, 0.230815
31,1062, 0.232731
31,1063, 0.231359
31,1064, 0.033933
31,1065, 0.033684
31,1066, 0.033829
31,1067, 0.256485
31,1068, 0.222141
31,1069, 0.257858
31,1070, 0.231020
31,1071, 0.233070
31,1072, 0.230750
31,1073, 0.233329
31,1074, 0.228771
31,1075, 0.228254
31,1076, 0.230222
31,1077, 0.216840
31,1078, 0.231373
31,1079, 0.229404
31,1080, 0.234543
31,1081, 0.231390
31,1082, 0.230350
31,1083, 0.235164
31,1084, 0.230176
31,1085, 0.231294
31,1086, 0.236820
31,1087, 0.221225
31,1088, 0.231824
31,1089, 0.259300
31,1090, 0.231617
31,1091, 0.035479
31,1092, 0.035261
31,1093, 0.229648
31,1094, 0.035561
31,1095, 0.035685
31,1096, 0.035701
31,1097, 0.257185
31,1098, 0.224792
31,1099, 0.219990
31,1100, 0.255698
31,1101, 0.233884
31,1102, 0.234120
31,1103, 0.225785
31,1104, 0.036436
31,1105, 0.036121
31,1106, 0.036553
31,1107, 0.220768
31,1108, 0.221121
31,1109, 0.232347
31,1110, 0.217963
31,1111, 0.228385
31,1112, 0.232146
31,1113, 0.222235
31,1114, 0.229477
31,1115, 0.220161
31,1116, 0.232671
31,1117, 0.232130
31,1118, 0.227891
31,1119, 0.230323
31,1120, 0.037099
31,1121, 0.037696
31,1122, 0.258479
31,1123, 0.228408
31,1124, 0.232231
31,1125, 0.258453
31,1126, 0.257286
31,1127, 0.231522
31,1128, 0.231057
31,1129, 0.052360
31,1130, 0.230491
31,1131, 0.232407
31,1132, 0.230185
31,1133, 0.230039
31,1134, 0.231840
31,1135, 0.231970
31,1136, 0.234548
31,1137, 0.232114
31,1138, 0.231975
31,1139, 0.236140
31,1140, 0.229385
31,1141, 0.223614
31,1142, 0.232448
31,1143, 0.261334
31,1144, 0.232428
31,1145, 0.039057
31,1146, 0.256928
31,1147, 0.229800
31,1148, 0.223748
31,1149, 0.232752
31,1150, 0.231959
31,1151, 0.224441
31,1152, 0.233186
31,1153, 0.258084
31,1154, 0.235462
31,1155, 0.223425
31,1156, 0.238584
31,1157, 0.224640
31,1158, 0.233585
31,1159, 0.235444
31,1160, 0.232625
31,1161, 0.236533
31,1162, 0.229415
31,1163, 0.228499
31,1164, 0.227981
31,1165, 0.227942
31,1166, 0.228112
31,1167, 0.233142
31,1168, 0.236635
31,1169, 0.237068
31,1170, 0.235172
31,1171, 0.232067
31,1172, 0.235918
31,1173, 0.236171
31,1174, 0.230763
31,1175, 0.232124
31,1176, 0.232595
31,1177, 0.226667
31,1178, 0.040881
31,1179, 0.235786
31,1180, 0.224483
31,1181, 0.236995
31,1182, 0.235181
31,1183, 0.236809
31,1184, 0.237613
31,1185, 0.238251
31,1186, 0.237924
31,1187, 0.237277
31,1188, 0.221345
31,1189, 0.222573
31,1190, 0.236415
31,1191, 0.235970
31,1192, 0.236034
31,1193, 0.233228
31,1194, 0.230846
31,1195, 0.232492
31,1196, 0.042505
31,1197, 0.241252
31,1198, 0.042732
31,1199, 0.042582
31,1200, 0.238770
31,1201, 0.252416
31,1202, 0.234813
31,1203, 0.236586
31,1204, 0.042774
31,1205, 0.235691
31,1206, 0.232825
31,1207, 0.236147
31,1208, 0.042811
31,1209, 0.043706
31,1210, 0.043157
31,1211, 0.225939
31,1212, 0.235247
31,1213, 0.225243
31,1214, 0.226739
31,1215, 0.235781
31,1216, 0.229393
31,1217, 0.043748
31,1218, 0.242105
31,1219, 0.231434
31,1220, 0.224184
31,1221, 0.235376
31,1222, 0.235987
31,1223, 0.259001
31,1224, 0.236192
31,1225, 0.236870
31,1226, 0.225214
31,1227, 0.234890
31,1228, 0.235980
31,1229, 0.235992
31,1230, 0.236660
31,1231, 0.044987
31,1232, 0.227769
31,1233, 0.238215
31,1234, 0.230053
31,1235, 0.222808
31,1236, 0.221906
31,1237, 0.226398
31,1238, 0.240451
31,1239, 0.231406
31,1240, 0.236457
31,1241, 0.240130
31,1242, 0.226757
31,1243, 0.240305
31,1244, 0.238002
31,1245, 0.237417
31,1246, 0.234177
31,1247, 0.233282
31,1248, 0.237017
31,1249, 0.236624
31,1250, 0.231331
31,1251, 0.236027
31,1252, 0.224940
31,1253, 0.238590
31,1254, 0.236821
31,1255, 0.234695
31,1256, 0.236880
31,1257, 0.237383
31,1258, 0.233093
31,1259, 0.232834
31,1260, 0.234046
31,1261, 0.228448
31,1262, 0.225039
31,1263, 0.239905
31,1264, 0.226879
31,1265, 0.237729
31,1266, 0.233976
31,1267, 0.233179
31,1268, 0.233062
31,1269, 0.231937
31,1270, 0.237370
31,1271, 0.260927
31,1272, 0.227051
31,1273, 0.239582
31,1274, 0.236553
31,1275, 0.242369
31,1276, 0.241047
31,1277, 0.241694
31,1278, 0.239995
31,1279, 0.240022
31,1280, 0.239883
31,1281, 0.239185
31,1282, 0.240003
31,1283, 0.221870
31,1284, 0.049263
31,1285, 0.231601
31,1286, 0.244206
31,1287, 0.235791
31,1288, 0.049191
31,1289, 0.229063
31,1290, 0.237808
31,1291, 0.235215
31,1292, 0.237907
31,1293, 0.239992
31,1294, 0.240157
31,1295, 0.228226
31,1296, 0.230329
31,1297, 0.229770
31,1298, 0.229406
31,1299, 0.238562
31,1300, 0.240202
31,1301, 0.240001
31,1302, 0.237558
31,1303, 0.228656
31,1304, 0.232169
31,1305, 0.241719
31,1306, 0.239711
31,1307, 0.240422
31,1308, 0.239943
31,1309, 0.241577
31,1310, 0.235747
31,1311, 0.268467
31,1312, 0.239442
31,1313, 0.239986
31,1314, 0.233739
31,1315, 0.242278
31,1316, 0.243478
31,1317, 0.244141
31,1318, 0.233740
31,1319, 0.242718
31,1320, 0.223180
31,1321, 0.234147
31,1322, 0.227921
31,1323, 0.241624
31,1324, 0.238893
31,1325, 0.241273
31,1326, 0.243619
31,1327, 0.239084
31,1328, 0.227874
31,1329, 0.264031
31,1330, 0.052141
31,1331, 0.264608
31,1332, 0.243036
31,1333, 0.244010
31,1334, 0.052576
31,1335, 0.241136
31,1336, 0.228793
31,1337, 0.262466
31,1338, 0.234965
31,1339, 0.243511
31,1340, 0.264920
31,1341, 0.228662
31,1342, 0.234090
31,1343, 0.245466
31,1344, 0.242697
31,1345, 0.245113
31,1346, 0.244007
31,1347, 0.244111
31,1348, 0.241988
31,1349, 0.240890
31,1350, 0.053918
31,1351, 0.228457
31,1352, 0.267973
31,1353, 0.264089
31,1354, 0.264065
31,1355, 0.231804
31,1356, 0.231614
31,1357, 0.241201
31,1358, 0.242602
31,1359, 0.233886
31,1360, 0.238577
31,1361, 0.244127
31,1362, 0.244915
31,1363, 0.244076
31,1364, 0.234854
31,1365, 0.236686
31,1366, 0.233539
31,1367, 0.234022
31,1368, 0.237831
31,1369, 0.237547
31,1370, 0.237065
31,1371, 0.228334
31,1372, 0.230173
31,1373, 0.239761
31,1374, 0.238894
31,1375, 0.228095
31,1376, 0.240564
31,1377, 0.234342
31,1378, 0.237743
31,1379, 0.237409
31,1380, 0.228137
31,1381, 0.056351
31,1382, 0.241080
31,1383, 0.232664
31,1384, 0.232621
31,1385, 0.234011
31,1386, 0.248388
31,1387, 0.225262
31,1388, 0.245049
31,1389, 0.226428
31,1390, 0.244124
31,1391, 0.240625
31,1392, 0.240138
31,1393, 0.238628
31,1394, 0.240136
31,1395, 0.240007
31,1396, 0.057616
31,1397, 0.057632
31,1398, 0.235169
31,1399, 0.273070
31,1400, 0.232070
31,1401, 0.239518
31,1402, 0.240276
31,1403, 0.241005
31,1404, 0.243562
31,1405, 0.233340
31,1406, 0.246998
31,1407, 0.229548
31,1408, 0.246636
31,1409, 0.244081
31,1410, 0.247853
31,1411, 0.229413
31,1412, 0.059001
31,1413, 0.244029
31,1414, 0.239108
31,1415, 0.244775
31,1416, 0.271895
31,1417, 0.231814
31,1418, 0.235685
31,1419, 0.059861
31,1420, 0.059208
31,1421, 0.234873
31,1422, 0.232261
31,1423, 0.267779
31,1424, 0.059837
31,1425, 0.238422
31,1426, 0.226713
31,1427, 0.060263
31,1428, 0.233483
31,1429, 0.060385
31,1430, 0.234422
31,1431, 0.226951
31,1432, 0.061022
31,1433, 0.231576
31,1434, 0.236570
31,1435, 0.060681
31,1436, 0.247667
31,1437, 0.235996
31,1438, 0.230069
31,1439, 0.235048
31,1440, 0.245373
31,1441, 0.234236
31,1442, 0.237351
31,1443, 0.231796
31,1444, 0.237701
31,1445, 0.235031
31,1446, 0.061725
31,1447, 0.234651
31,1448, 0.238063
31,1449, 0.236706
31,1450, 0.267361
31,1451, 0.244549
31,1452, 0.248020
31,1453, 0.248024
31,1454, 0.247906
31,1455, 0.248034
31,1456, 0.237104
31,1457, 0.232965
31,1458, 0.063305
31,1459, 0.236650
31,1460, 0.229763
31,1461, 0.239652
31,1462, 0.226190
31,1463, 0.226976
31,1464, 0.239839
31,1465, 0.268957
31,1466, 0.234442
31,1467, 0.237719
31,1468, 0.269207
31,1469, 0.237311
31,1470, 0.238155
31,1471, 0.247511
31,1472, 0.249076
31,1473, 0.247378
31,1474, 0.248788
31,1475, 0.064512
31,1476, 0.279163
31,1477, 0.064885
31,1478, 0.064081
31,1479, 0.064789
31,1480, 0.231734
31,1481, 0.236370
31,1482, 0.240876
31,1483, 0.229130
31,1484, 0.064940
31,1485, 0.235308
31,1486, 0.267570
31,1487, 0.275331
31,1488, 0.227120
31,1489, 0.232446
31,1490, 0.236468
31,1491, 0.236618
31,1492, 0.242070
31,1493, 0.065511
31,1494, 0.232277
31,1495, 0.236572
31,1496, 0.270734
31,1497, 0.066067
31,1498, 0.066508
31,1499, 0.066366
31,1500, 0.066510
