21,500, 0.014122
21,501, 0.011861
21,502, 0.011746
21,503, 0.011899
21,504, 0.011882
21,505, 0.012055
21,506, 0.011888
21,507, 0.012176
21,508, 0.012040
21,509, 0.016931
21,510, 0.012171
21,511, 0.012189
21,512, 0.015626
21,513, 0.014181
21,514, 0.012470
21,515, 0.012330
21,516, 0.012598
21,517, 0.012487
21,518, 0.012605
21,519, 0.012607
21,520, 0.012625
21,521, 0.012744
21,522, 0.012753
21,523, 0.012908
21,524, 0.012755
21,525, 0.013037
21,526, 0.012768
21,527, 0.013186
21,528, 0.013040
21,529, 0.013320
21,530, 0.013185
21,531, 0.013188
21,532, 0.013344
21,533, 0.013326
21,534, 0.013602
21,535, 0.013330
21,536, 0.013633
21,537, 0.013466
21,538, 0.013752
21,539, 0.013629
21,540, 0.013750
21,541, 0.013896
21,542, 0.013774
21,543, 0.014037
21,544, 0.013899
21,545, 0.014195
21,546, 0.013901
21,547, 0.014189
21,548, 0.014042
21,549, 0.014330
21,550, 0.014204
21,551, 0.014319
21,552, 0.014354
21,553, 0.014320
21,554, 0.014609
21,555, 0.014475
21,556, 0.014627
21,557, 0.014483
21,558, 0.014620
21,559, 0.014619
21,560, 0.014751
21,561, 0.014903
21,562, 0.014771
21,563, 0.015043
21,564, 0.014926
21,565, 0.015175
21,566, 0.014906
21,567, 0.015200
21,568, 0.015049
21,569, 0.015202
21,570, 0.015188
21,571, 0.015327
21,572, 0.015475
21,573, 0.015352
21,574, 0.015609
21,575, 0.015489
21,576, 0.015626
21,577, 0.015610
21,578, 0.015767
21,579, 0.015639
21,580, 0.015758
21,581, 0.015908
21,582, 0.015778
21,583, 0.016042
21,584, 0.015904
21,585, 0.016198
21,586, 0.015921
21,587, 0.016198
21,588, 0.016046
21,589, 0.016335
21,590, 0.016338
21,591, 0.016345
21,592, 0.016485
21,593, 0.016473
21,594, 0.016634
21,595, 0.016485
21,596, 0.016760
21,597, 0.016626
21,598, 0.016793
21,599, 0.016749
21,600, 0.016780
21,601, 0.016911
21,602, 0.016905
21,603, 0.017073
21,604, 0.016906
21,605, 0.017332
21,606, 0.017056
21,607, 0.017351
21,608, 0.017196
21,609, 0.017361
21,610, 0.017333
21,611, 0.017480
21,612, 0.017638
21,613, 0.017482
21,614, 0.017770
21,615, 0.017625
21,616, 0.017783
21,617, 0.017633
21,618, 0.017907
21,619, 0.017915
21,620, 0.017925
21,621, 0.018053
21,622, 0.018059
21,623, 0.018213
21,624, 0.018056
21,625, 0.018348
21,626, 0.018064
21,627, 0.018479
21,628, 0.018346
21,629, 0.018499
21,630, 0.018489
21,631, 0.018626
21,632, 0.018641
21,633, 0.018629
21,634, 0.018918
21,635, 0.018643
21,636, 0.018921
21,637, 0.018791
21,638, 0.019042
21,639, 0.019062
21,640, 0.019072
21,641, 0.019197
21,642, 0.019207
21,643, 0.019361
21,644, 0.019201
21,645, 0.019497
21,646, 0.019337
21,647, 0.019644
21,648, 0.019496
21,649, 0.019642
21,650, 0.019634
21,651, 0.019774
21,652, 0.019919
21,653, 0.019787
21,654, 0.020068
21,655, 0.019918
21,656, 0.020213
21,657, 0.019931
21,658, 0.020350
21,659, 0.020354
21,660, 0.020362
21,661, 0.020489
21,662, 0.020495
21,663, 0.020781
21,664, 0.020507
21,665, 0.020919
21,666, 0.020647
21,667, 0.020928
21,668, 0.020780
21,669, 0.021070
21,670, 0.021076
21,671, 0.021066
21,672, 0.021210
21,673, 0.021215
21,674, 0.021367
21,675, 0.021207
21,676, 0.021496
21,677, 0.021355
21,678, 0.021514
21,679, 0.021508
21,680, 0.021623
21,681, 0.021785
21,682, 0.021652
21,683, 0.021931
21,684, 0.021777
21,685, 0.022082
21,686, 0.021787
21,687, 0.022211
21,688, 0.021938
21,689, 0.022216
21,690, 0.022212
21,691, 0.022357
21,692, 0.022371
21,693, 0.022356
21,694, 0.022649
21,695, 0.022495
21,696, 0.022803
21,697, 0.022504
21,698, 0.022784
21,699, 0.022789
21,700, 0.022929
21,701, 0.022946
21,702, 0.022935
21,703, 0.023214
21,704, 0.023073
21,705, 0.023366
21,706, 0.023082
21,707, 0.023500
21,708, 0.023231
21,709, 0.023510
21,710, 0.023497
21,711, 0.023646
21,712, 0.023655
21,713, 0.023650
21,714, 0.023938
21,715, 0.023662
21,716, 0.024064
21,717, 0.023804
21,718, 0.024081
21,719, 0.024073
21,720, 0.024225
21,721, 0.024234
21,722, 0.024221
21,723, 0.024506
21,724, 0.024372
21,725, 0.024655
21,726, 0.024364
21,727, 0.024792
21,728, 0.024527
21,729, 0.024789
21,730, 0.024797
21,731, 0.024942
21,732, 0.025079
21,733, 0.024944
21,734, 0.025242
21,735, 0.025069
21,736, 0.025373
21,737, 0.025223
21,738, 0.025378
21,739, 0.025373
21,740, 0.025516
21,741, 0.025633
21,742, 0.025523
21,743, 0.025798
21,744, 0.025654
21,745, 0.026085
21,746, 0.025663
21,747, 0.026087
21,748, 0.025939
21,749, 0.026231
21,750, 0.026098
21,751, 0.026225
21,752, 0.026372
21,753, 0.026371
21,754, 0.026662
21,755, 0.026379
21,756, 0.026660
21,757, 0.026520
21,758, 0.026798
21,759, 0.026805
21,760, 0.026812
21,761, 0.027087
21,762, 0.027089
21,763, 0.027376
21,764, 0.027097
21,765, 0.027519
21,766, 0.027254
21,767, 0.027642
21,768, 0.027383
21,769, 0.027663
21,770, 0.027661
21,771, 0.027806
21,772, 0.027953
21,773, 0.027816
21,774, 0.028088
21,775, 0.027948
21,776, 0.028242
21,777, 0.028090
21,778, 0.028380
21,779, 0.028244
21,780, 0.028377
21,781, 0.028528
21,782, 0.028392
21,783, 0.028660
21,784, 0.028523
21,785, 0.028948
21,786, 0.028663
21,787, 0.029107
21,788, 0.028811
21,789, 0.029099
21,790, 0.029094
21,791, 0.029238
21,792, 0.029384
21,793, 0.029249
21,794, 0.029526
21,795, 0.029380
21,796, 0.029673
21,797, 0.029394
21,798, 0.029674
21,799, 0.029666
21,800, 0.029811
21,801, 0.029964
21,802, 0.029817
21,803, 0.030236
21,804, 0.029962
21,805, 0.030385
21,806, 0.030099
21,807, 0.030396
21,808, 0.030239
21,809, 0.030533
21,810, 0.030531
21,811, 0.030536
21,812, 0.030676
21,813, 0.030675
21,814, 0.030956
21,815, 0.030813
21,816, 0.031108
21,817, 0.030836
21,818, 0.031225
21,819, 0.031253
21,820, 0.226846
21,821, 0.221777
21,822, 0.226258
21,823, 0.215075
21,824, 0.031569
21,825, 0.031958
21,826, 0.031527
21,827, 0.031968
21,828, 0.222929
21,829, 0.214137
21,830, 0.032142
21,831, 0.032248
21,832, 0.032256
21,833, 0.032245
21,834, 0.032543
21,835, 0.032255
21,836, 0.032679
21,837, 0.032399
21,838, 0.032695
21,839, 0.032808
21,840, 0.032825
21,841, 0.032968
21,842, 0.032833
21,843, 0.033249
21,844, 0.032969
21,845, 0.033401
21,846, 0.032985
21,847, 0.033665
21,848, 0.033259
21,849, 0.218071
21,850, 0.033660
21,851, 0.033832
21,852, 0.033972
21,853, 0.033831
21,854, 0.034121
21,855, 0.033966
21,856, 0.034267
21,857, 0.034110
21,858, 0.034398
21,859, 0.034268
21,860, 0.034416
21,861, 0.034531
21,862, 0.034541
21,863, 0.034842
21,864, 0.034672
21,865, 0.035118
21,866, 0.034700
21,867, 0.035119
21,868, 0.034969
21,869, 0.120915
21,870, 0.035201
21,871, 0.035267
21,872, 0.035408
21,873, 0.035395
21,874, 0.035700
21,875, 0.035549
21,876, 0.035848
21,877, 0.035677
21,878, 0.035978
21,879, 0.035843
21,880, 0.035980
21,881, 0.036120
21,882, 0.254667
21,883, 0.256201
21,884, 0.036324
21,885, 0.036696
21,886, 0.036277
21,887, 0.036695
21,888, 0.036550
21,889, 0.036839
21,890, 0.036833
21,891, 0.036851
21,892, 0.037114
21,893, 0.036990
21,894, 0.037409
21,895, 0.037127
21,896, 0.037419
21,897, 0.037261
21,898, 0.037556
21,899, 0.037559
21,900, 0.037710
21,901, 0.037698
21,902, 0.037698
21,903, 0.037990
21,904, 0.037836
21,905, 0.038274
21,906, 0.037847
21,907, 0.038276
21,908, 0.038123
21,909, 0.038418
21,910, 0.038426
21,911, 0.038547
21,912, 0.038707
21,913, 0.038702
21,914, 0.038989
21,915, 0.038703
21,916, 0.039129
21,917, 0.038859
21,918, 0.228456
21,919, 0.039195
21,920, 0.039267
21,921, 0.039426
21,922, 0.039286
21,923, 0.039836
21,924, 0.039425
21,925, 0.039848
21,926, 0.039565
21,927, 0.040135
21,928, 0.039981
21,929, 0.040142
21,930, 0.040138
21,931, 0.040418
21,932, 0.040296
21,933, 0.040413
21,934, 0.040721
21,935, 0.040558
21,936, 0.040868
21,937, 0.040695
21,938, 0.040998
21,939, 0.040994
21,940, 0.041152
21,941, 0.041274
21,942, 0.041284
21,943, 0.041579
21,944, 0.041278
21,945, 0.041718
21,946, 0.041423
21,947, 0.041856
21,948, 0.041723
21,949, 0.041990
21,950, 0.041875
21,951, 0.041994
21,952, 0.042155
21,953, 0.042128
21,954, 0.042569
21,955, 0.228986
21,956, 0.042542
21,957, 0.042423
21,958, 0.042727
21,959, 0.042730
21,960, 0.042841
21,961, 0.043004
21,962, 0.042864
21,963, 0.043296
21,964, 0.043000
21,965, 0.043438
21,966, 0.043139
21,967, 0.043582
21,968, 0.043294
21,969, 0.043718
21,970, 0.219726
21,971, 0.043783
21,972, 0.043991
21,973, 0.043872
21,974, 0.044289
21,975, 0.044010
21,976, 0.044423
21,977, 0.044160
21,978, 0.044445
21,979, 0.044432
21,980, 0.044576
21,981, 0.044727
21,982, 0.044711
21,983, 0.045009
21,984, 0.044728
21,985, 0.045291
21,986, 0.044872
21,987, 0.045298
21,988, 0.045150
21,989, 0.045454
21,990, 0.045435
21,991, 0.045580
21,992, 0.045737
21,993, 0.045587
21,994, 0.046025
21,995, 0.045856
21,996, 0.218308
21,997, 0.045899
21,998, 0.046302
21,999, 0.046162
21,1000, 0.046307
21,1001, 0.046584
21,1002, 0.046585
21,1003, 0.047017
21,1004, 0.046731
21,1005, 0.047163
21,1006, 0.046864
21,1007, 0.047169
21,1008, 0.047029
21,1009, 0.047307
21,1010, 0.047436
21,1011, 0.047587
21,1012, 0.047740
21,1013, 0.047596
21,1014, 0.047884
21,1015, 0.053850
21,1016, 0.048061
21,1017, 0.047884
21,1018, 0.048177
21,1019, 0.048160
21,1020, 0.048314
21,1021, 0.048578
21,1022, 0.048455
21,1023, 0.048882
21,1024, 0.048595
21,1025, 0.049040
21,1026, 0.048597
21,1027, 0.049157
21,1028, 0.048887
21,1029, 0.049174
21,1030, 0.049298
21,1031, 0.049322
21,1032, 0.049598
21,1033, 0.049452
21,1034, 0.049888
21,1035, 0.049593
21,1036, 0.050029
21,1037, 0.049749
21,1038, 0.050169
21,1039, 0.050034
21,1040, 0.050179
21,1041, 0.050315
21,1042, 0.261153
21,1043, 0.221887
21,1044, 0.050538
21,1045, 0.224854
21,1046, 0.050549
21,1047, 0.051026
21,1048, 0.050760
21,1049, 0.051157
21,1050, 0.051053
21,1051, 0.051166
21,1052, 0.051461
21,1053, 0.051327
21,1054, 0.051744
21,1055, 0.051459
21,1056, 0.051894
21,1057, 0.051608
21,1058, 0.260000
21,1059, 0.260213
21,1060, 0.260373
21,1061, 0.222588
21,1062, 0.052248
21,1063, 0.052741
21,1064, 0.052474
21,1065, 0.052905
21,1066, 0.052594
21,1067, 0.261415
21,1068, 0.052829
21,1069, 0.053188
21,1070, 0.053180
21,1071, 0.053330
21,1072, 0.053471
21,1073, 0.053459
21,1074, 0.053775
21,1075, 0.053460
21,1076, 0.053911
21,1077, 0.053742
21,1078, 0.054050
21,1079, 0.054042
21,1080, 0.054187
21,1081, 0.054332
21,1082, 0.054327
21,1083, 0.054626
21,1084, 0.266587
21,1085, 0.054966
21,1086, 0.054473
21,1087, 0.222640
21,1088, 0.220593
21,1089, 0.055082
21,1090, 0.223265
21,1091, 0.055133
21,1092, 0.055475
21,1093, 0.055334
21,1094, 0.055771
21,1095, 0.055467
21,1096, 0.055912
21,1097, 0.055616
21,1098, 0.056052
21,1099, 0.055913
21,1100, 0.056186
21,1101, 0.056338
21,1102, 0.056199
21,1103, 0.056622
21,1104, 0.056343
21,1105, 0.056906
21,1106, 0.056484
21,1107, 0.057043
21,1108, 0.056774
21,1109, 0.057059
21,1110, 0.221140
21,1111, 0.057257
21,1112, 0.057480
21,1113, 0.057355
21,1114, 0.057757
21,1115, 0.057484
21,1116, 0.057918
21,1117, 0.057627
21,1118, 0.058055
21,1119, 0.058055
21,1120, 0.058067
21,1121, 0.058488
21,1122, 0.058343
21,1123, 0.066047
21,1124, 0.058379
21,1125, 0.059060
21,1126, 0.058643
21,1127, 0.059193
21,1128, 0.058917
21,1129, 0.059344
21,1130, 0.059349
21,1131, 0.059364
21,1132, 0.059621
21,1133, 0.059492
21,1134, 0.059921
21,1135, 0.059635
21,1136, 0.060064
21,1137, 0.059780
21,1138, 0.060212
21,1139, 0.060199
21,1140, 0.060360
21,1141, 0.060494
21,1142, 0.060491
21,1143, 0.060784
21,1144, 0.060630
21,1145, 0.225726
21,1146, 0.227327
21,1147, 0.061184
21,1148, 0.060922
21,1149, 0.061347
21,1150, 0.061362
21,1151, 0.061489
21,1152, 0.061649
21,1153, 0.061500
21,1154, 0.062068
21,1155, 0.061651
21,1156, 0.062203
21,1157, 0.061926
21,1158, 0.062358
21,1159, 0.062224
21,1160, 0.062366
21,1161, 0.062628
21,1162, 0.062520
21,1163, 0.062935
21,1164, 0.268370
21,1165, 0.063204
21,1166, 0.062785
21,1167, 0.063357
21,1168, 0.263438
21,1169, 0.063567
21,1170, 0.063507
21,1171, 0.063509
21,1172, 0.063786
21,1173, 0.063653
21,1174, 0.064082
21,1175, 0.063790
21,1176, 0.064225
21,1177, 0.064077
21,1178, 0.064518
21,1179, 0.064507
21,1180, 0.064644
21,1181, 0.266742
21,1182, 0.064704
21,1183, 0.065220
21,1184, 0.064938
21,1185, 0.065519
21,1186, 0.065072
21,1187, 0.065653
21,1188, 0.065382
21,1189, 0.065654
21,1190, 0.065790
21,1191, 0.065806
21,1192, 0.066080
21,1193, 0.263185
21,1194, 0.066541
21,1195, 0.066089
21,1196, 0.066654
21,1197, 0.066246
21,1198, 0.066650
21,1199, 0.066654
21,1200, 0.265479
21,1201, 0.231565
21,1202, 0.066931
21,1203, 0.067378
21,1204, 0.267853
21,1205, 0.067611
21,1206, 0.270027
21,1207, 0.268964
21,1208, 0.067547
21,1209, 0.067946
21,1210, 0.271247
21,1211, 0.067932
21,1212, 0.068227
21,1213, 0.222889
21,1214, 0.224092
21,1215, 0.068249
21,1216, 0.068805
21,1217, 0.269229
21,1218, 0.068960
21,1219, 0.068808
21,1220, 0.268254
21,1221, 0.069349
21,1222, 0.240996
21,1223, 0.069526
21,1224, 0.264844
21,1225, 0.225706
21,1226, 0.069402
21,1227, 0.069962
21,1228, 0.069821
21,1229, 0.070229
21,1230, 0.070246
21,1231, 0.273129
21,1232, 0.070506
21,1233, 0.270987
21,1234, 0.070915
21,1235, 0.070534
21,1236, 0.071101
21,1237, 0.271266
21,1238, 0.071362
21,1239, 0.071107
21,1240, 0.264616
21,1241, 0.227672
21,1242, 0.071533
21,1243, 0.071962
21,1244, 0.071678
21,1245, 0.072246
21,1246, 0.263839
21,1247, 0.072208
21,1248, 0.071967
21,1249, 0.072383
21,1250, 0.072397
21,1251, 0.072537
21,1252, 0.072819
21,1253, 0.072677
21,1254, 0.073249
21,1255, 0.072829
21,1256, 0.073400
21,1257, 0.273404
21,1258, 0.073389
21,1259, 0.073382
21,1260, 0.073544
21,1261, 0.073834
21,1262, 0.073812
21,1263, 0.265283
21,1264, 0.236121
21,1265, 0.074609
21,1266, 0.274532
21,1267, 0.074697
21,1268, 0.074391
21,1269, 0.074831
21,1270, 0.268308
21,1271, 0.074902
21,1272, 0.273342
21,1273, 0.075013
21,1274, 0.075541
21,1275, 0.075120
21,1276, 0.075685
21,1277, 0.075268
21,1278, 0.272962
21,1279, 0.231842
21,1280, 0.076080
21,1281, 0.268013
21,1282, 0.076189
21,1283, 0.269031
21,1284, 0.076327
21,1285, 0.267496
21,1286, 0.076560
21,1287, 0.076982
21,1288, 0.228159
21,1289, 0.077045
21,1290, 0.077134
21,1291, 0.077257
21,1292, 0.077555
21,1293, 0.077420
21,1294, 0.274132
21,1295, 0.077522
21,1296, 0.078119
21,1297, 0.077717
21,1298, 0.242317
21,1299, 0.233300
21,1300, 0.078438
21,1301, 0.078565
21,1302, 0.078548
21,1303, 0.277423
21,1304, 0.078542
21,1305, 0.079265
21,1306, 0.078723
21,1307, 0.079403
21,1308, 0.079128
21,1309, 0.270704
21,1310, 0.236414
21,1311, 0.079652
21,1312, 0.272460
21,1313, 0.273045
21,1314, 0.239008
21,1315, 0.079933
21,1316, 0.080420
21,1317, 0.080130
21,1318, 0.080574
21,1319, 0.080432
21,1320, 0.080833
21,1321, 0.268613
21,1322, 0.080892
21,1323, 0.081291
21,1324, 0.081125
21,1325, 0.081705
21,1326, 0.273684
21,1327, 0.081823
21,1328, 0.081560
21,1329, 0.081972
21,1330, 0.081991
21,1331, 0.082123
21,1332, 0.082424
21,1333, 0.269177
21,1334, 0.082885
21,1335, 0.082407
21,1336, 0.082993
21,1337, 0.082706
21,1338, 0.083133
21,1339, 0.082987
21,1340, 0.083274
21,1341, 0.270509
21,1342, 0.083430
21,1343, 0.083852
21,1344, 0.083420
21,1345, 0.271898
21,1346, 0.083740
21,1347, 0.084279
21,1348, 0.084003
21,1349, 0.084411
21,1350, 0.268981
21,1351, 0.084662
21,1352, 0.084847
21,1353, 0.276922
21,1354, 0.085325
21,1355, 0.084843
21,1356, 0.085428
21,1357, 0.085011
21,1358, 0.085551
21,1359, 0.085431
21,1360, 0.085712
21,1361, 0.269221
21,1362, 0.086002
21,1363, 0.272765
21,1364, 0.086018
21,1365, 0.086724
21,1366, 0.270398
21,1367, 0.233484
21,1368, 0.086584
21,1369, 0.272569
21,1370, 0.086951
21,1371, 0.278311
21,1372, 0.231651
21,1373, 0.087240
21,1374, 0.087844
21,1375, 0.087437
21,1376, 0.280464
21,1377, 0.087651
21,1378, 0.276439
21,1379, 0.240355
21,1380, 0.088277
21,1381, 0.243528
21,1382, 0.088464
21,1383, 0.270109
21,1384, 0.235877
21,1385, 0.089355
21,1386, 0.280068
21,1387, 0.089329
21,1388, 0.089152
21,1389, 0.089438
21,1390, 0.089573
21,1391, 0.089592
21,1392, 0.273891
21,1393, 0.236415
21,1394, 0.090329
21,1395, 0.272551
21,1396, 0.090692
21,1397, 0.244126
21,1398, 0.090578
21,1399, 0.090580
21,1400, 0.090744
21,1401, 0.272712
21,1402, 0.238786
21,1403, 0.091568
21,1404, 0.252386
21,1405, 0.091797
21,1406, 0.091422
21,1407, 0.092020
21,1408, 0.280215
21,1409, 0.092069
21,1410, 0.273690
21,1411, 0.092273
21,1412, 0.092728
21,1413, 0.092452
21,1414, 0.275862
21,1415, 0.238712
21,1416, 0.093222
21,1417, 0.092886
21,1418, 0.093449
21,1419, 0.093303
21,1420, 0.093466
21,1421, 0.093728
21,1422, 0.093594
21,1423, 0.238923
21,1424, 0.241651
21,1425, 0.094395
21,1426, 0.093892
21,1427, 0.094584
21,1428, 0.094318
21,1429, 0.276513
21,1430, 0.094762
21,1431, 0.094867
21,1432, 0.095174
21,1433, 0.095024
21,1434, 0.272324
21,1435, 0.095227
21,1436, 0.278835
21,1437, 0.241063
21,1438, 0.095924
21,1439, 0.095874
21,1440, 0.096030
21,1441, 0.096445
21,1442, 0.096181
21,1443, 0.096746
21,1444, 0.096316
21,1445, 0.097042
21,1446, 0.096617
21,1447, 0.097299
21,1448, 0.097038
21,1449, 0.097605
21,1450, 0.278551
21,1451, 0.097607
21,1452, 0.097883
21,1453, 0.274469
21,1454, 0.098244
21,1455, 0.098025
21,1456, 0.281367
21,1457, 0.098226
21,1458, 0.098750
21,1459, 0.271760
21,1460, 0.098931
21,1461, 0.099183
21,1462, 0.285168
21,1463, 0.230572
21,1464, 0.099234
21,1465, 0.099773
21,1466, 0.099181
21,1467, 0.099900
21,1468, 0.099617
21,1469, 0.100052
21,1470, 0.100034
21,1471, 0.283484
21,1472, 0.100692
21,1473, 0.100458
21,1474, 0.101050
21,1475, 0.100612
21,1476, 0.101197
21,1477, 0.100772
21,1478, 0.101321
21,1479, 0.101196
21,1480, 0.283382
21,1481, 0.101658
21,1482, 0.101752
21,1483, 0.102207
21,1484, 0.101898
21,1485, 0.102623
21,1486, 0.102053
21,1487, 0.102773
21,1488, 0.102491
21,1489, 0.245189
21,1490, 0.102852
21,1491, 0.103036
21,1492, 0.103345
21,1493, 0.288688
21,1494, 0.103934
21,1495, 0.275364
21,1496, 0.104079
21,1497, 0.283445
21,1498, 0.104160
21,1499, 0.283963
21,1500, 0.104362
