13,500, 0.019826
13,501, 0.017575
13,502, 0.017773
13,503, 0.017668
13,504, 0.017777
13,505, 0.017922
13,506, 0.017881
13,507, 0.018061
13,508, 0.017964
13,509, 0.018173
13,510, 0.018195
13,511, 0.018278
13,512, 0.018476
13,513, 0.018364
13,514, 0.018581
13,515, 0.018539
13,516, 0.018663
13,517, 0.018806
13,518, 0.018727
13,519, 0.018986
13,520, 0.018837
13,521, 0.023667
13,522, 0.019080
13,523, 0.019187
13,524, 0.019399
13,525, 0.019228
13,526, 0.019445
13,527, 0.019393
13,528, 0.019520
13,529, 0.019674
13,530, 0.019734
13,531, 0.019821
13,532, 0.019814
13,533, 0.019922
13,534, 0.019980
13,535, 0.020056
13,536, 0.020261
13,537, 0.020117
13,538, 0.020326
13,539, 0.020273
13,540, 0.020434
13,541, 0.020541
13,542, 0.020617
13,543, 0.020835
13,544, 0.020622
13,545, 0.020891
13,546, 0.020884
13,547, 0.020954
13,548, 0.021121
13,549, 0.021084
13,550, 0.021237
13,551, 0.021210
13,552, 0.021348
13,553, 0.021515
13,554, 0.021461
13,555, 0.021674
13,556, 0.021531
13,557, 0.021770
13,558, 0.021821
13,559, 0.021885
13,560, 0.022086
13,561, 0.021980
13,562, 0.022175
13,563, 0.022172
13,564, 0.022277
13,565, 0.022475
13,566, 0.022379
13,567, 0.022651
13,568, 0.022475
13,569, 0.022715
13,570, 0.022756
13,571, 0.022802
13,572, 0.023031
13,573, 0.022948
13,574, 0.023155
13,575, 0.023108
13,576, 0.023243
13,577, 0.023407
13,578, 0.023326
13,579, 0.023586
13,580, 0.023471
13,581, 0.023723
13,582, 0.023701
13,583, 0.023768
13,584, 0.023982
13,585, 0.023855
13,586, 0.024101
13,587, 0.024070
13,588, 0.024195
13,589, 0.024362
13,590, 0.024326
13,591, 0.024583
13,592, 0.024432
13,593, 0.024709
13,594, 0.024725
13,595, 0.024801
13,596, 0.024989
13,597, 0.024874
13,598, 0.025105
13,599, 0.025081
13,600, 0.025177
13,601, 0.025397
13,602, 0.025290
13,603, 0.025569
13,604, 0.025434
13,605, 0.025681
13,606, 0.025725
13,607, 0.025833
13,608, 0.026001
13,609, 0.025912
13,610, 0.026143
13,611, 0.026084
13,612, 0.026224
13,613, 0.026412
13,614, 0.026375
13,615, 0.026600
13,616, 0.026430
13,617, 0.026710
13,618, 0.026758
13,619, 0.026813
13,620, 0.027060
13,621, 0.027257
13,622, 0.026987
13,623, 0.026928
13,624, 0.027090
13,625, 0.027241
13,626, 0.027238
13,627, 0.027466
13,628, 0.027302
13,629, 0.027567
13,630, 0.027585
13,631, 0.027673
13,632, 0.027904
13,633, 0.027774
13,634, 0.028028
13,635, 0.027968
13,636, 0.028122
13,637, 0.028314
13,638, 0.028239
13,639, 0.028525
13,640, 0.028365
13,641, 0.028639
13,642, 0.028657
13,643, 0.028759
13,644, 0.029017
13,645, 0.028844
13,646, 0.029099
13,647, 0.029061
13,648, 0.029216
13,649, 0.029409
13,650, 0.029323
13,651, 0.029600
13,652, 0.029418
13,653, 0.029707
13,654, 0.029763
13,655, 0.029817
13,656, 0.030045
13,657, 0.029986
13,658, 0.030186
13,659, 0.030153
13,660, 0.030289
13,661, 0.030483
13,662, 0.030398
13,663, 0.030708
13,664, 0.030515
13,665, 0.030840
13,666, 0.030835
13,667, 0.030964
13,668, 0.031161
13,669, 0.031044
13,670, 0.031292
13,671, 0.031227
13,672, 0.031396
13,673, 0.031606
13,674, 0.031520
13,675, 0.031817
13,676, 0.031647
13,677, 0.031928
13,678, 0.031982
13,679, 0.032067
13,680, 0.032325
13,681, 0.032143
13,682, 0.032434
13,683, 0.032387
13,684, 0.032578
13,685, 0.032727
13,686, 0.032671
13,687, 0.032931
13,688, 0.032768
13,689, 0.033096
13,690, 0.033071
13,691, 0.033178
13,692, 0.033460
13,693, 0.033293
13,694, 0.033563
13,695, 0.033508
13,696, 0.033691
13,697, 0.033859
13,698, 0.033823
13,699, 0.034076
13,700, 0.033930
13,701, 0.034238
13,702, 0.034276
13,703, 0.034328
13,704, 0.034618
13,705, 0.034481
13,706, 0.034731
13,707, 0.034675
13,708, 0.034848
13,709, 0.035025
13,710, 0.034988
13,711, 0.035271
13,712, 0.035078
13,713, 0.035400
13,714, 0.035406
13,715, 0.035529
13,716, 0.035774
13,717, 0.036008
13,718, 0.035955
13,719, 0.035823
13,720, 0.036055
13,721, 0.036223
13,722, 0.036192
13,723, 0.036489
13,724, 0.036316
13,725, 0.036642
13,726, 0.036612
13,727, 0.036726
13,728, 0.037004
13,729, 0.036864
13,730, 0.037077
13,731, 0.037080
13,732, 0.037267
13,733, 0.037437
13,734, 0.037405
13,735, 0.037695
13,736, 0.037494
13,737, 0.037812
13,738, 0.037838
13,739, 0.037979
13,740, 0.038205
13,741, 0.038329
13,742, 0.038376
13,743, 0.038318
13,744, 0.038482
13,745, 0.038672
13,746, 0.038647
13,747, 0.039024
13,748, 0.038761
13,749, 0.039103
13,750, 0.039124
13,751, 0.039227
13,752, 0.039466
13,753, 0.039340
13,754, 0.039632
13,755, 0.039573
13,756, 0.039750
13,757, 0.039946
13,758, 0.039900
13,759, 0.040219
13,760, 0.040020
13,761, 0.040314
13,762, 0.040361
13,763, 0.040454
13,764, 0.040710
13,765, 0.040576
13,766, 0.040900
13,767, 0.040849
13,768, 0.041011
13,769, 0.041249
13,770, 0.041148
13,771, 0.041494
13,772, 0.041332
13,773, 0.041659
13,774, 0.041646
13,775, 0.041751
13,776, 0.042037
13,777, 0.041917
13,778, 0.042192
13,779, 0.042139
13,780, 0.042305
13,781, 0.042543
13,782, 0.042449
13,783, 0.042758
13,784, 0.042584
13,785, 0.042896
13,786, 0.042944
13,787, 0.043080
13,788, 0.043359
13,789, 0.043221
13,790, 0.043472
13,791, 0.043435
13,792, 0.043716
13,793, 0.044280
13,794, 0.043793
13,795, 0.044170
13,796, 0.043908
13,797, 0.044248
13,798, 0.044284
13,799, 0.044416
13,800, 0.044688
13,801, 0.044521
13,802, 0.044838
13,803, 0.044774
13,804, 0.044986
13,805, 0.045194
13,806, 0.045111
13,807, 0.045415
13,808, 0.045232
13,809, 0.045606
13,810, 0.045658
13,811, 0.045743
13,812, 0.046019
13,813, 0.045875
13,814, 0.046176
13,815, 0.046101
13,816, 0.046302
13,817, 0.046499
13,818, 0.046462
13,819, 0.046855
13,820, 0.046634
13,821, 0.046983
13,822, 0.047020
13,823, 0.047148
13,824, 0.047414
13,825, 0.047284
13,826, 0.047570
13,827, 0.047487
13,828, 0.047698
13,829, 0.047962
13,830, 0.047861
13,831, 0.048218
13,832, 0.047982
13,833, 0.048350
13,834, 0.048379
13,835, 0.048457
13,836, 0.048951
13,837, 0.048614
13,838, 0.048975
13,839, 0.048854
13,840, 0.049112
13,841, 0.049305
13,842, 0.049269
13,843, 0.049623
13,844, 0.049323
13,845, 0.049772
13,846, 0.049750
13,847, 0.049908
13,848, 0.050193
13,849, 0.050033
13,850, 0.050344
13,851, 0.050340
13,852, 0.050520
13,853, 0.050679
13,854, 0.050660
13,855, 0.051025
13,856, 0.051206
13,857, 0.051221
13,858, 0.051188
13,859, 0.051306
13,860, 0.051613
13,861, 0.051481
13,862, 0.051806
13,863, 0.051740
13,864, 0.051922
13,865, 0.052156
13,866, 0.052094
13,867, 0.052447
13,868, 0.052219
13,869, 0.052598
13,870, 0.052687
13,871, 0.052737
13,872, 0.053093
13,873, 0.052874
13,874, 0.053211
13,875, 0.053218
13,876, 0.053484
13,877, 0.053658
13,878, 0.053571
13,879, 0.053900
13,880, 0.053756
13,881, 0.054103
13,882, 0.054117
13,883, 0.054218
13,884, 0.054587
13,885, 0.054342
13,886, 0.054734
13,887, 0.054760
13,888, 0.054909
13,889, 0.055066
13,890, 0.054994
13,891, 0.055366
13,892, 0.055134
13,893, 0.055553
13,894, 0.055558
13,895, 0.055683
13,896, 0.056029
13,897, 0.055790
13,898, 0.056161
13,899, 0.056106
13,900, 0.056326
13,901, 0.056529
13,902, 0.056457
13,903, 0.056820
13,904, 0.056700
13,905, 0.057037
13,906, 0.057027
13,907, 0.057134
13,908, 0.057499
13,909, 0.057326
13,910, 0.057685
13,911, 0.057609
13,912, 0.058252
13,913, 0.058226
13,914, 0.058027
13,915, 0.058372
13,916, 0.058137
13,917, 0.058513
13,918, 0.058595
13,919, 0.058669
13,920, 0.059037
13,921, 0.058830
13,922, 0.059167
13,923, 0.059126
13,924, 0.059359
13,925, 0.059577
13,926, 0.059477
13,927, 0.059923
13,928, 0.059663
13,929, 0.060099
13,930, 0.060156
13,931, 0.060267
13,932, 0.060580
13,933, 0.060420
13,934, 0.060764
13,935, 0.060726
13,936, 0.060928
13,937, 0.061178
13,938, 0.061081
13,939, 0.061448
13,940, 0.061264
13,941, 0.061639
13,942, 0.061727
13,943, 0.061782
13,944, 0.062125
13,945, 0.061950
13,946, 0.062427
13,947, 0.062341
13,948, 0.062488
13,949, 0.062706
13,950, 0.062631
13,951, 0.063059
13,952, 0.062796
13,953, 0.063252
13,954, 0.063261
13,955, 0.063367
13,956, 0.063677
13,957, 0.063531
13,958, 0.063869
13,959, 0.063836
13,960, 0.064079
13,961, 0.064708
13,962, 0.064217
13,963, 0.064646
13,964, 0.064430
13,965, 0.064790
13,966, 0.064827
13,967, 0.064961
13,968, 0.065291
13,969, 0.065151
13,970, 0.065531
13,971, 0.065428
13,972, 0.065711
13,973, 0.065937
13,974, 0.065826
13,975, 0.066236
13,976, 0.066033
13,977, 0.066393
13,978, 0.066511
13,979, 0.066656
13,980, 0.066936
13,981, 0.066764
13,982, 0.067169
13,983, 0.067030
13,984, 0.067268
13,985, 0.067582
13,986, 0.067452
13,987, 0.067880
13,988, 0.067677
13,989, 0.068039
13,990, 0.068173
13,991, 0.068246
13,992, 0.068647
13,993, 0.068402
13,994, 0.068805
13,995, 0.068698
13,996, 0.068964
13,997, 0.069215
13,998, 0.069144
13,999, 0.069580
13,1000, 0.069282
13,1001, 0.069703
13,1002, 0.069721
13,1003, 0.069896
13,1004, 0.070223
13,1005, 0.070086
13,1006, 0.070843
13,1007, 0.070370
13,1008, 0.070588
13,1009, 0.070909
13,1010, 0.070823
13,1011, 0.071254
13,1012, 0.071002
13,1013, 0.071389
13,1014, 0.071429
13,1015, 0.071546
13,1016, 0.071944
13,1017, 0.071754
13,1018, 0.072136
13,1019, 0.072006
13,1020, 0.072304
13,1021, 0.072564
13,1022, 0.072478
13,1023, 0.072936
13,1024, 0.072696
13,1025, 0.073105
13,1026, 0.073182
13,1027, 0.073287
13,1028, 0.073634
13,1029, 0.073452
13,1030, 0.073844
13,1031, 0.073779
13,1032, 0.074038
13,1033, 0.074295
13,1034, 0.074236
13,1035, 0.074651
13,1036, 0.074349
13,1037, 0.074875
13,1038, 0.074933
13,1039, 0.074963
13,1040, 0.075423
13,1041, 0.075189
13,1042, 0.075565
13,1043, 0.075511
13,1044, 0.075757
13,1045, 0.076026
13,1046, 0.075992
13,1047, 0.076789
13,1048, 0.076141
13,1049, 0.076568
13,1050, 0.076654
13,1051, 0.076756
13,1052, 0.077189
13,1053, 0.076998
13,1054, 0.077366
13,1055, 0.077386
13,1056, 0.077544
13,1057, 0.077816
13,1058, 0.077764
13,1059, 0.078154
13,1060, 0.077930
13,1061, 0.078306
13,1062, 0.078413
13,1063, 0.078568
13,1064, 0.078985
13,1065, 0.078688
13,1066, 0.079103
13,1067, 0.079044
13,1068, 0.079312
13,1069, 0.079567
13,1070, 0.079514
13,1071, 0.079968
13,1072, 0.079671
13,1073, 0.080175
13,1074, 0.080200
13,1075, 0.080302
13,1076, 0.080721
13,1077, 0.080512
13,1078, 0.080940
13,1079, 0.080881
13,1080, 0.081130
13,1081, 0.081379
13,1082, 0.081327
13,1083, 0.081753
13,1084, 0.081484
13,1085, 0.082344
13,1086, 0.082088
13,1087, 0.082105
13,1088, 0.082572
13,1089, 0.082346
13,1090, 0.082769
13,1091, 0.082678
13,1092, 0.082896
13,1093, 0.083209
13,1094, 0.083109
13,1095, 0.083578
13,1096, 0.083308
13,1097, 0.083779
13,1098, 0.083830
13,1099, 0.083966
13,1100, 0.084414
13,1101, 0.084123
13,1102, 0.084593
13,1103, 0.084460
13,1104, 0.084785
13,1105, 0.085077
13,1106, 0.084948
13,1107, 0.085400
13,1108, 0.085155
13,1109, 0.085670
13,1110, 0.085659
13,1111, 0.085855
13,1112, 0.086273
13,1113, 0.086070
13,1114, 0.086413
13,1115, 0.086340
13,1116, 0.086664
13,1117, 0.086906
13,1118, 0.086808
13,1119, 0.087307
13,1120, 0.087377
13,1121, 0.087521
13,1122, 0.087519
13,1123, 0.087674
13,1124, 0.088073
13,1125, 0.087816
13,1126, 0.088319
13,1127, 0.088258
13,1128, 0.088502
13,1129, 0.088818
13,1130, 0.088711
13,1131, 0.089180
13,1132, 0.088949
13,1133, 0.089377
13,1134, 0.089434
13,1135, 0.089582
13,1136, 0.090005
13,1137, 0.089761
13,1138, 0.090204
13,1139, 0.090112
13,1140, 0.090388
13,1141, 0.090743
13,1142, 0.090611
13,1143, 0.091076
13,1144, 0.090960
13,1145, 0.091311
13,1146, 0.091406
13,1147, 0.091526
13,1148, 0.091969
13,1149, 0.091665
13,1150, 0.092189
13,1151, 0.092030
13,1152, 0.092340
13,1153, 0.092624
13,1154, 0.092954
13,1155, 0.092996
13,1156, 0.092726
13,1157, 0.093186
13,1158, 0.093300
13,1159, 0.093484
13,1160, 0.093828
13,1161, 0.093562
13,1162, 0.094066
13,1163, 0.093916
13,1164, 0.094241
13,1165, 0.094574
13,1166, 0.094414
13,1167, 0.094894
13,1168, 0.094662
13,1169, 0.095151
13,1170, 0.095202
13,1171, 0.095346
13,1172, 0.095748
13,1173, 0.095525
13,1174, 0.095991
13,1175, 0.095936
13,1176, 0.096231
13,1177, 0.096517
13,1178, 0.096483
13,1179, 0.096900
13,1180, 0.096708
13,1181, 0.097137
13,1182, 0.097208
13,1183, 0.097300
13,1184, 0.097725
13,1185, 0.097894
13,1186, 0.097996
13,1187, 0.097843
13,1188, 0.098176
13,1189, 0.098475
13,1190, 0.098365
13,1191, 0.098822
13,1192, 0.098574
13,1193, 0.099123
13,1194, 0.099238
13,1195, 0.099396
13,1196, 0.099768
13,1197, 0.099489
13,1198, 0.099992
13,1199, 0.099880
13,1200, 0.100165
13,1201, 0.100549
13,1202, 0.100391
13,1203, 0.100897
13,1204, 0.100545
13,1205, 0.101205
13,1206, 0.101179
13,1207, 0.101329
13,1208, 0.101732
13,1209, 0.101545
13,1210, 0.101960
13,1211, 0.101909
13,1212, 0.102160
13,1213, 0.102486
13,1214, 0.102398
13,1215, 0.103280
13,1216, 0.102657
13,1217, 0.103110
13,1218, 0.103225
13,1219, 0.103358
13,1220, 0.103821
13,1221, 0.103639
13,1222, 0.104032
13,1223, 0.103933
13,1224, 0.104235
13,1225, 0.104524
13,1226, 0.104421
13,1227, 0.104979
13,1228, 0.104640
13,1229, 0.105128
13,1230, 0.105265
13,1231, 0.105402
13,1232, 0.105786
13,1233, 0.105575
13,1234, 0.106043
13,1235, 0.106029
13,1236, 0.106343
13,1237, 0.106606
13,1238, 0.106531
13,1239, 0.107019
13,1240, 0.106793
13,1241, 0.107256
13,1242, 0.107351
13,1243, 0.107448
13,1244, 0.108414
13,1245, 0.107669
13,1246, 0.108205
13,1247, 0.108075
13,1248, 0.108387
13,1249, 0.108642
13,1250, 0.108620
13,1251, 0.109120
13,1252, 0.108797
13,1253, 0.109326
13,1254, 0.109524
13,1255, 0.109654
13,1256, 0.110157
13,1257, 0.109811
13,1258, 0.110288
13,1259, 0.110226
13,1260, 0.110500
13,1261, 0.110858
13,1262, 0.110768
13,1263, 0.111279
13,1264, 0.110932
13,1265, 0.111541
13,1266, 0.111562
13,1267, 0.111735
13,1268, 0.112234
13,1269, 0.111939
13,1270, 0.112422
13,1271, 0.112731
13,1272, 0.112652
13,1273, 0.112946
13,1274, 0.112850
13,1275, 0.113416
13,1276, 0.113085
13,1277, 0.113637
13,1278, 0.113771
13,1279, 0.113834
13,1280, 0.114378
13,1281, 0.114148
13,1282, 0.114588
13,1283, 0.114468
13,1284, 0.114848
13,1285, 0.115147
13,1286, 0.115073
13,1287, 0.115550
13,1288, 0.115257
13,1289, 0.115770
13,1290, 0.115770
13,1291, 0.115943
13,1292, 0.116508
13,1293, 0.116236
13,1294, 0.116703
13,1295, 0.116636
13,1296, 0.116986
13,1297, 0.117613
13,1298, 0.117236
13,1299, 0.117765
13,1300, 0.117453
13,1301, 0.117991
13,1302, 0.118097
13,1303, 0.118161
13,1304, 0.118685
13,1305, 0.118404
13,1306, 0.118872
13,1307, 0.118832
13,1308, 0.119132
13,1309, 0.119405
13,1310, 0.119296
13,1311, 0.119848
13,1312, 0.119576
13,1313, 0.120286
13,1314, 0.120261
13,1315, 0.120394
13,1316, 0.120916
13,1317, 0.120575
13,1318, 0.121118
13,1319, 0.120991
13,1320, 0.121315
13,1321, 0.121681
13,1322, 0.121921
13,1323, 0.122077
13,1324, 0.121706
13,1325, 0.122311
13,1326, 0.122439
13,1327, 0.122536
13,1328, 0.123047
13,1329, 0.122805
13,1330, 0.123314
13,1331, 0.123192
13,1332, 0.123525
13,1333, 0.123890
13,1334, 0.123836
13,1335, 0.124328
13,1336, 0.124016
13,1337, 0.124612
13,1338, 0.124632
13,1339, 0.124770
13,1340, 0.125350
13,1341, 0.125051
13,1342, 0.125509
13,1343, 0.125425
13,1344, 0.125751
13,1345, 0.126075
13,1346, 0.126512
13,1347, 0.126514
13,1348, 0.126216
13,1349, 0.126759
13,1350, 0.126859
13,1351, 0.127068
13,1352, 0.127582
13,1353, 0.127256
13,1354, 0.127757
13,1355, 0.127696
13,1356, 0.128008
13,1357, 0.128319
13,1358, 0.128237
13,1359, 0.128787
13,1360, 0.128565
13,1361, 0.129035
13,1362, 0.129188
13,1363, 0.129312
13,1364, 0.129812
13,1365, 0.129528
13,1366, 0.130040
13,1367, 0.129983
13,1368, 0.130283
13,1369, 0.130681
13,1370, 0.130954
13,1371, 0.131091
13,1372, 0.130749
13,1373, 0.131334
13,1374, 0.131340
13,1375, 0.131555
13,1376, 0.132067
13,1377, 0.131849
13,1378, 0.132425
13,1379, 0.132285
13,1380, 0.132509
13,1381, 0.132943
13,1382, 0.132815
13,1383, 0.133352
13,1384, 0.133088
13,1385, 0.133700
13,1386, 0.133756
13,1387, 0.133874
13,1388, 0.134395
13,1389, 0.134094
13,1390, 0.134647
13,1391, 0.134459
13,1392, 0.135273
13,1393, 0.135349
13,1394, 0.135228
13,1395, 0.135753
13,1396, 0.135452
13,1397, 0.136033
13,1398, 0.136108
13,1399, 0.136199
13,1400, 0.136699
13,1401, 0.136433
13,1402, 0.136992
13,1403, 0.136922
13,1404, 0.137237
13,1405, 0.137644
13,1406, 0.137470
13,1407, 0.138081
13,1408, 0.137930
13,1409, 0.138331
13,1410, 0.138431
13,1411, 0.138585
13,1412, 0.139092
13,1413, 0.138800
13,1414, 0.139645
13,1415, 0.139302
13,1416, 0.139619
13,1417, 0.140006
13,1418, 0.139844
13,1419, 0.140419
13,1420, 0.140111
13,1421, 0.140724
13,1422, 0.140692
13,1423, 0.140975
13,1424, 0.141383
13,1425, 0.141135
13,1426, 0.141637
13,1427, 0.141562
13,1428, 0.141902
13,1429, 0.142361
13,1430, 0.142150
13,1431, 0.142784
13,1432, 0.142415
13,1433, 0.143007
13,1434, 0.143167
13,1435, 0.143371
13,1436, 0.144308
13,1437, 0.143634
13,1438, 0.144094
13,1439, 0.144022
13,1440, 0.144426
13,1441, 0.144771
13,1442, 0.144579
13,1443, 0.145220
13,1444, 0.144819
13,1445, 0.145446
13,1446, 0.145588
13,1447, 0.145633
13,1448, 0.146265
13,1449, 0.145919
13,1450, 0.146581
13,1451, 0.146538
13,1452, 0.146819
13,1453, 0.147223
13,1454, 0.147106
13,1455, 0.147700
13,1456, 0.147738
13,1457, 0.147894
13,1458, 0.148043
13,1459, 0.148210
13,1460, 0.148713
13,1461, 0.148436
13,1462, 0.149040
13,1463, 0.148819
13,1464, 0.149235
13,1465, 0.149724
13,1466, 0.149498
13,1467, 0.150168
13,1468, 0.149815
13,1469, 0.150397
13,1470, 0.150474
13,1471, 0.150551
13,1472, 0.151143
13,1473, 0.150915
13,1474, 0.151501
13,1475, 0.151424
13,1476, 0.152044
13,1477, 0.152078
13,1478, 0.151970
13,1479, 0.152620
13,1480, 0.152253
13,1481, 0.152822
13,1482, 0.152982
13,1483, 0.153054
13,1484, 0.153742
13,1485, 0.153421
13,1486, 0.153998
13,1487, 0.153832
13,1488, 0.154258
13,1489, 0.154636
13,1490, 0.154446
13,1491, 0.155125
13,1492, 0.154781
13,1493, 0.155333
13,1494, 0.155468
13,1495, 0.155611
13,1496, 0.156652
13,1497, 0.155867
13,1498, 0.156372
13,1499, 0.156287
13,1500, 0.156718
