5,500, 0.046849
5,501, 0.037855
5,502, 0.049082
5,503, 0.038122
5,504, 0.038269
5,505, 0.038435
5,506, 0.038570
5,507, 0.038645
5,508, 0.038867
5,509, 0.039053
5,510, 0.039138
5,511, 0.039241
5,512, 0.039594
5,513, 0.039661
5,514, 0.039830
5,515, 0.039844
5,516, 0.040065
5,517, 0.040282
5,518, 0.040384
5,519, 0.040520
5,520, 0.040708
5,521, 0.040915
5,522, 0.040996
5,523, 0.041152
5,524, 0.041309
5,525, 0.041554
5,526, 0.041639
5,527, 0.041773
5,528, 0.041967
5,529, 0.042152
5,530, 0.042297
5,531, 0.042357
5,532, 0.042631
5,533, 0.042784
5,534, 0.042926
5,535, 0.043052
5,536, 0.043281
5,537, 0.043469
5,538, 0.043561
5,539, 0.043691
5,540, 0.043919
5,541, 0.044064
5,542, 0.044209
5,543, 0.044340
5,544, 0.044526
5,545, 0.044778
5,546, 0.044843
5,547, 0.044975
5,548, 0.045190
5,549, 0.045439
5,550, 0.045523
5,551, 0.045698
5,552, 0.045888
5,553, 0.046095
5,554, 0.046195
5,555, 0.046324
5,556, 0.046557
5,557, 0.046803
5,558, 0.046885
5,559, 0.047037
5,560, 0.047193
5,561, 0.047446
5,562, 0.047529
5,563, 0.047676
5,564, 0.047866
5,565, 0.048148
5,566, 0.048227
5,567, 0.048398
5,568, 0.048567
5,569, 0.048805
5,570, 0.048908
5,571, 0.049030
5,572, 0.049253
5,573, 0.049471
5,574, 0.049607
5,575, 0.049782
5,576, 0.049927
5,577, 0.050212
5,578, 0.050273
5,579, 0.050408
5,580, 0.050734
5,581, 0.050943
5,582, 0.051008
5,583, 0.051100
5,584, 0.051343
5,585, 0.051553
5,586, 0.051680
5,587, 0.051912
5,588, 0.052109
5,589, 0.052250
5,590, 0.052403
5,591, 0.052535
5,592, 0.052750
5,593, 0.053043
5,594, 0.053164
5,595, 0.053287
5,596, 0.053470
5,597, 0.053724
5,598, 0.053886
5,599, 0.054004
5,600, 0.054206
5,601, 0.054516
5,602, 0.054538
5,603, 0.054742
5,604, 0.054941
5,605, 0.055190
5,606, 0.055320
5,607, 0.055486
5,608, 0.055660
5,609, 0.055926
5,610, 0.056089
5,611, 0.056167
5,612, 0.056418
5,613, 0.056662
5,614, 0.056741
5,615, 0.056903
5,616, 0.057128
5,617, 0.057421
5,618, 0.057502
5,619, 0.057616
5,620, 0.057886
5,621, 0.058097
5,622, 0.058274
5,623, 0.058429
5,624, 0.058652
5,625, 0.058913
5,626, 0.059068
5,627, 0.059182
5,628, 0.059397
5,629, 0.059655
5,630, 0.059815
5,631, 0.059938
5,632, 0.060150
5,633, 0.060415
5,634, 0.060581
5,635, 0.060712
5,636, 0.060957
5,637, 0.061210
5,638, 0.061316
5,639, 0.061518
5,640, 0.061736
5,641, 0.061942
5,642, 0.062119
5,643, 0.062281
5,644, 0.062499
5,645, 0.062763
5,646, 0.062905
5,647, 0.063024
5,648, 0.063282
5,649, 0.063546
5,650, 0.063668
5,651, 0.063865
5,652, 0.064040
5,653, 0.064226
5,654, 0.064515
5,655, 0.064659
5,656, 0.064852
5,657, 0.065086
5,658, 0.065209
5,659, 0.065411
5,660, 0.065608
5,661, 0.065867
5,662, 0.066045
5,663, 0.066181
5,664, 0.066409
5,665, 0.066686
5,666, 0.066818
5,667, 0.066994
5,668, 0.067182
5,669, 0.067461
5,670, 0.067685
5,671, 0.067819
5,672, 0.067986
5,673, 0.068348
5,674, 0.068475
5,675, 0.068582
5,676, 0.068923
5,677, 0.069115
5,678, 0.069307
5,679, 0.069402
5,680, 0.069666
5,681, 0.069924
5,682, 0.070058
5,683, 0.070252
5,684, 0.070437
5,685, 0.070772
5,686, 0.070943
5,687, 0.071054
5,688, 0.071352
5,689, 0.071623
5,690, 0.071688
5,691, 0.071896
5,692, 0.072081
5,693, 0.072469
5,694, 0.072539
5,695, 0.072675
5,696, 0.073013
5,697, 0.073263
5,698, 0.073407
5,699, 0.073540
5,700, 0.073838
5,701, 0.074066
5,702, 0.074272
5,703, 0.074332
5,704, 0.074672
5,705, 0.074964
5,706, 0.075052
5,707, 0.075232
5,708, 0.075553
5,709, 0.075765
5,710, 0.075935
5,711, 0.076088
5,712, 0.076456
5,713, 0.076726
5,714, 0.076787
5,715, 0.076987
5,716, 0.077307
5,717, 0.077561
5,718, 0.077664
5,719, 0.077784
5,720, 0.078126
5,721, 0.078334
5,722, 0.078547
5,723, 0.078725
5,724, 0.078986
5,725, 0.079304
5,726, 0.079360
5,727, 0.079601
5,728, 0.079937
5,729, 0.080157
5,730, 0.080255
5,731, 0.080503
5,732, 0.080752
5,733, 0.080998
5,734, 0.081183
5,735, 0.081394
5,736, 0.081565
5,737, 0.081920
5,738, 0.082074
5,739, 0.082275
5,740, 0.082528
5,741, 0.082859
5,742, 0.082988
5,743, 0.083118
5,744, 0.083514
5,745, 0.083752
5,746, 0.083808
5,747, 0.084073
5,748, 0.084361
5,749, 0.084635
5,750, 0.084765
5,751, 0.084917
5,752, 0.085211
5,753, 0.085567
5,754, 0.085684
5,755, 0.085826
5,756, 0.086117
5,757, 0.086496
5,758, 0.086625
5,759, 0.086820
5,760, 0.087070
5,761, 0.087439
5,762, 0.087563
5,763, 0.087654
5,764, 0.088011
5,765, 0.088266
5,766, 0.088443
5,767, 0.088672
5,768, 0.088923
5,769, 0.089219
5,770, 0.089396
5,771, 0.089530
5,772, 0.089866
5,773, 0.090199
5,774, 0.090285
5,775, 0.090466
5,776, 0.090774
5,777, 0.091142
5,778, 0.091236
5,779, 0.091433
5,780, 0.091731
5,781, 0.092034
5,782, 0.092183
5,783, 0.092364
5,784, 0.092666
5,785, 0.092878
5,786, 0.093070
5,787, 0.093336
5,788, 0.093661
5,789, 0.093935
5,790, 0.094073
5,791, 0.094302
5,792, 0.094625
5,793, 0.094878
5,794, 0.095043
5,795, 0.095307
5,796, 0.095516
5,797, 0.095852
5,798, 0.095985
5,799, 0.096212
5,800, 0.096482
5,801, 0.096853
5,802, 0.096988
5,803, 0.097118
5,804, 0.097526
5,805, 0.097836
5,806, 0.098015
5,807, 0.098154
5,808, 0.098496
5,809, 0.098833
5,810, 0.098989
5,811, 0.099119
5,812, 0.099392
5,813, 0.099763
5,814, 0.099891
5,815, 0.100068
5,816, 0.100351
5,817, 0.100671
5,818, 0.100857
5,819, 0.101096
5,820, 0.101444
5,821, 0.101720
5,822, 0.101851
5,823, 0.102124
5,824, 0.102418
5,825, 0.102694
5,826, 0.102876
5,827, 0.103044
5,828, 0.103383
5,829, 0.103789
5,830, 0.103942
5,831, 0.104131
5,832, 0.104410
5,833, 0.104759
5,834, 0.104890
5,835, 0.105022
5,836, 0.105441
5,837, 0.105732
5,838, 0.105888
5,839, 0.106049
5,840, 0.106517
5,841, 0.106819
5,842, 0.106930
5,843, 0.107216
5,844, 0.107424
5,845, 0.107807
5,846, 0.107939
5,847, 0.108121
5,848, 0.108483
5,849, 0.108804
5,850, 0.109011
5,851, 0.109193
5,852, 0.109497
5,853, 0.109840
5,854, 0.110069
5,855, 0.110252
5,856, 0.110601
5,857, 0.110944
5,858, 0.111058
5,859, 0.111299
5,860, 0.111584
5,861, 0.111902
5,862, 0.112120
5,863, 0.112342
5,864, 0.112583
5,865, 0.113012
5,866, 0.113185
5,867, 0.113342
5,868, 0.113660
5,869, 0.113945
5,870, 0.114212
5,871, 0.114424
5,872, 0.114743
5,873, 0.115099
5,874, 0.115176
5,875, 0.115516
5,876, 0.115785
5,877, 0.116136
5,878, 0.116266
5,879, 0.116503
5,880, 0.116889
5,881, 0.117189
5,882, 0.117380
5,883, 0.117622
5,884, 0.117948
5,885, 0.118157
5,886, 0.118503
5,887, 0.118647
5,888, 0.118988
5,889, 0.119329
5,890, 0.119516
5,891, 0.119721
5,892, 0.120024
5,893, 0.120341
5,894, 0.120499
5,895, 0.120794
5,896, 0.121144
5,897, 0.121432
5,898, 0.121731
5,899, 0.121899
5,900, 0.122236
5,901, 0.122604
5,902, 0.122862
5,903, 0.122976
5,904, 0.123418
5,905, 0.123649
5,906, 0.123839
5,907, 0.124069
5,908, 0.124413
5,909, 0.124747
5,910, 0.124918
5,911, 0.125166
5,912, 0.125530
5,913, 0.125949
5,914, 0.126171
5,915, 0.126334
5,916, 0.126643
5,917, 0.126971
5,918, 0.127225
5,919, 0.127382
5,920, 0.127762
5,921, 0.128042
5,922, 0.128249
5,923, 0.128450
5,924, 0.128855
5,925, 0.129128
5,926, 0.129353
5,927, 0.129628
5,928, 0.129952
5,929, 0.130280
5,930, 0.130590
5,931, 0.130731
5,932, 0.131106
5,933, 0.131477
5,934, 0.131684
5,935, 0.131935
5,936, 0.132221
5,937, 0.132512
5,938, 0.132691
5,939, 0.132903
5,940, 0.133311
5,941, 0.133651
5,942, 0.133896
5,943, 0.134142
5,944, 0.134384
5,945, 0.134840
5,946, 0.135094
5,947, 0.135137
5,948, 0.135657
5,949, 0.135976
5,950, 0.136142
5,951, 0.136372
5,952, 0.136736
5,953, 0.137260
5,954, 0.137338
5,955, 0.137607
5,956, 0.137915
5,957, 0.138264
5,958, 0.138532
5,959, 0.138710
5,960, 0.139086
5,961, 0.139494
5,962, 0.139621
5,963, 0.139899
5,964, 0.140281
5,965, 0.140602
5,966, 0.140841
5,967, 0.141085
5,968, 0.141389
5,969, 0.141797
5,970, 0.142025
5,971, 0.142223
5,972, 0.142667
5,973, 0.142976
5,974, 0.143171
5,975, 0.143484
5,976, 0.143783
5,977, 0.144090
5,978, 0.144472
5,979, 0.144635
5,980, 0.144914
5,981, 0.145363
5,982, 0.145555
5,983, 0.145751
5,984, 0.146149
5,985, 0.146527
5,986, 0.146668
5,987, 0.146962
5,988, 0.147267
5,989, 0.147634
5,990, 0.147954
5,991, 0.148146
5,992, 0.148527
5,993, 0.148917
5,994, 0.149131
5,995, 0.149289
5,996, 0.149755
5,997, 0.150199
5,998, 0.150312
5,999, 0.150622
5,1000, 0.150970
5,1001, 0.151313
5,1002, 0.151476
5,1003, 0.151773
5,1004, 0.152130
5,1005, 0.152574
5,1006, 0.152778
5,1007, 0.153023
5,1008, 0.153398
5,1009, 0.153814
5,1010, 0.154028
5,1011, 0.154258
5,1012, 0.154667
5,1013, 0.154896
5,1014, 0.155117
5,1015, 0.155284
5,1016, 0.155830
5,1017, 0.156184
5,1018, 0.156392
5,1019, 0.156588
5,1020, 0.157010
5,1021, 0.157364
5,1022, 0.157588
5,1023, 0.157935
5,1024, 0.158222
5,1025, 0.158678
5,1026, 0.158910
5,1027, 0.159104
5,1028, 0.159490
5,1029, 0.159866
5,1030, 0.160158
5,1031, 0.160403
5,1032, 0.160705
5,1033, 0.161187
5,1034, 0.161352
5,1035, 0.161639
5,1036, 0.161947
5,1037, 0.162394
5,1038, 0.162696
5,1039, 0.162837
5,1040, 0.163269
5,1041, 0.163615
5,1042, 0.163830
5,1043, 0.164061
5,1044, 0.164460
5,1045, 0.164886
5,1046, 0.165187
5,1047, 0.165339
5,1048, 0.165726
5,1049, 0.166095
5,1050, 0.166378
5,1051, 0.166621
5,1052, 0.167080
5,1053, 0.167497
5,1054, 0.167694
5,1055, 0.168060
5,1056, 0.168279
5,1057, 0.168720
5,1058, 0.168967
5,1059, 0.169198
5,1060, 0.169623
5,1061, 0.169934
5,1062, 0.170305
5,1063, 0.170461
5,1064, 0.170943
5,1065, 0.171221
5,1066, 0.171572
5,1067, 0.171817
5,1068, 0.172204
5,1069, 0.172533
5,1070, 0.172832
5,1071, 0.173161
5,1072, 0.173438
5,1073, 0.174005
5,1074, 0.174231
5,1075, 0.174331
5,1076, 0.174812
5,1077, 0.175245
5,1078, 0.175430
5,1079, 0.175740
5,1080, 0.176177
5,1081, 0.176576
5,1082, 0.176806
5,1083, 0.177030
5,1084, 0.177442
5,1085, 0.177880
5,1086, 0.178074
5,1087, 0.178303
5,1088, 0.178698
5,1089, 0.179109
5,1090, 0.179415
5,1091, 0.179652
5,1092, 0.180052
5,1093, 0.180501
5,1094, 0.180764
5,1095, 0.180943
5,1096, 0.181530
5,1097, 0.181836
5,1098, 0.182039
5,1099, 0.182391
5,1100, 0.182837
5,1101, 0.183153
5,1102, 0.183337
5,1103, 0.183561
5,1104, 0.184065
5,1105, 0.184462
5,1106, 0.184628
5,1107, 0.184901
5,1108, 0.185287
5,1109, 0.185791
5,1110, 0.185954
5,1111, 0.186288
5,1112, 0.186739
5,1113, 0.187137
5,1114, 0.187394
5,1115, 0.187557
5,1116, 0.188171
5,1117, 0.188515
5,1118, 0.188734
5,1119, 0.188941
5,1120, 0.189394
5,1121, 0.189846
5,1122, 0.190106
5,1123, 0.190339
5,1124, 0.190763
5,1125, 0.191198
5,1126, 0.191536
5,1127, 0.191733
5,1128, 0.192203
5,1129, 0.192685
5,1130, 0.192850
5,1131, 0.193099
5,1132, 0.193543
5,1133, 0.193954
5,1134, 0.194140
5,1135, 0.194455
5,1136, 0.194861
5,1137, 0.195418
5,1138, 0.195708
5,1139, 0.195932
5,1140, 0.196339
5,1141, 0.196817
5,1142, 0.197044
5,1143, 0.197294
5,1144, 0.197666
5,1145, 0.198053
5,1146, 0.198314
5,1147, 0.198643
5,1148, 0.199047
5,1149, 0.199366
5,1150, 0.199795
5,1151, 0.200013
5,1152, 0.200403
5,1153, 0.200953
5,1154, 0.201142
5,1155, 0.201369
5,1156, 0.201813
5,1157, 0.202272
5,1158, 0.202551
5,1159, 0.202884
5,1160, 0.203268
5,1161, 0.203599
5,1162, 0.203840
5,1163, 0.204074
5,1164, 0.204538
5,1165, 0.204984
5,1166, 0.205145
5,1167, 0.205559
5,1168, 0.206016
5,1169, 0.206430
5,1170, 0.206753
5,1171, 0.206983
5,1172, 0.207388
5,1173, 0.207895
5,1174, 0.208117
5,1175, 0.208461
5,1176, 0.208907
5,1177, 0.209284
5,1178, 0.209694
5,1179, 0.209846
5,1180, 0.210351
5,1181, 0.210711
5,1182, 0.210933
5,1183, 0.211314
5,1184, 0.211569
5,1185, 0.212094
5,1186, 0.212572
5,1187, 0.212689
5,1188, 0.213077
5,1189, 0.213517
5,1190, 0.213956
5,1191, 0.214072
5,1192, 0.214584
5,1193, 0.215051
5,1194, 0.215298
5,1195, 0.215629
5,1196, 0.216106
5,1197, 0.216474
5,1198, 0.216812
5,1199, 0.217020
5,1200, 0.217469
5,1201, 0.217883
5,1202, 0.218245
5,1203, 0.218464
5,1204, 0.218849
5,1205, 0.219451
5,1206, 0.219639
5,1207, 0.219862
5,1208, 0.220423
5,1209, 0.220913
5,1210, 0.221158
5,1211, 0.221525
5,1212, 0.221858
5,1213, 0.222424
5,1214, 0.222559
5,1215, 0.222887
5,1216, 0.223311
5,1217, 0.223781
5,1218, 0.224180
5,1219, 0.224478
5,1220, 0.224953
5,1221, 0.225346
5,1222, 0.225663
5,1223, 0.225940
5,1224, 0.226351
5,1225, 0.226810
5,1226, 0.227203
5,1227, 0.227415
5,1228, 0.227890
5,1229, 0.228386
5,1230, 0.228678
5,1231, 0.229004
5,1232, 0.229339
5,1233, 0.229848
5,1234, 0.230210
5,1235, 0.230466
5,1236, 0.230876
5,1237, 0.231254
5,1238, 0.231521
5,1239, 0.231827
5,1240, 0.232302
5,1241, 0.232816
5,1242, 0.233039
5,1243, 0.233357
5,1244, 0.233863
5,1245, 0.234292
5,1246, 0.234575
5,1247, 0.234816
5,1248, 0.235323
5,1249, 0.235679
5,1250, 0.236165
5,1251, 0.236337
5,1252, 0.236825
5,1253, 0.237255
5,1254, 0.237678
5,1255, 0.237826
5,1256, 0.238358
5,1257, 0.238788
5,1258, 0.239103
5,1259, 0.239335
5,1260, 0.239898
5,1261, 0.240342
5,1262, 0.240648
5,1263, 0.240932
5,1264, 0.241255
5,1265, 0.241939
5,1266, 0.242117
5,1267, 0.242367
5,1268, 0.242906
5,1269, 0.243305
5,1270, 0.243622
5,1271, 0.244033
5,1272, 0.244550
5,1273, 0.244979
5,1274, 0.245244
5,1275, 0.245442
5,1276, 0.245954
5,1277, 0.246603
5,1278, 0.246865
5,1279, 0.246931
5,1280, 0.247500
5,1281, 0.248070
5,1282, 0.248259
5,1283, 0.248728
5,1284, 0.249255
5,1285, 0.249664
5,1286, 0.249934
5,1287, 0.250231
5,1288, 0.250609
5,1289, 0.251041
5,1290, 0.251390
5,1291, 0.251624
5,1292, 0.252217
5,1293, 0.252759
5,1294, 0.252928
5,1295, 0.253207
5,1296, 0.253803
5,1297, 0.254228
5,1298, 0.254735
5,1299, 0.254883
5,1300, 0.255392
5,1301, 0.256067
5,1302, 0.256308
5,1303, 0.256522
5,1304, 0.256840
5,1305, 0.257406
5,1306, 0.257640
5,1307, 0.258091
5,1308, 0.258637
5,1309, 0.258950
5,1310, 0.259328
5,1311, 0.259619
5,1312, 0.260106
5,1313, 0.260714
5,1314, 0.260915
5,1315, 0.261095
5,1316, 0.261626
5,1317, 0.262132
5,1318, 0.262423
5,1319, 0.262772
5,1320, 0.263252
5,1321, 0.263775
5,1322, 0.264169
5,1323, 0.264432
5,1324, 0.264993
5,1325, 0.265441
5,1326, 0.265706
5,1327, 0.266150
5,1328, 0.266605
5,1329, 0.267151
5,1330, 0.267239
5,1331, 0.267552
5,1332, 0.268043
5,1333, 0.268718
5,1334, 0.268904
5,1335, 0.269220
5,1336, 0.269684
5,1337, 0.270323
5,1338, 0.270528
5,1339, 0.270802
5,1340, 0.271424
5,1341, 0.271818
5,1342, 0.272159
5,1343, 0.272430
5,1344, 0.273002
5,1345, 0.273479
5,1346, 0.273875
5,1347, 0.274052
5,1348, 0.274641
5,1349, 0.275132
5,1350, 0.275349
5,1351, 0.275654
5,1352, 0.276227
5,1353, 0.276857
5,1354, 0.277114
5,1355, 0.277470
5,1356, 0.277910
5,1357, 0.278456
5,1358, 0.278752
5,1359, 0.279095
5,1360, 0.279696
5,1361, 0.280176
5,1362, 0.280356
5,1363, 0.280724
5,1364, 0.281097
5,1365, 0.281569
5,1366, 0.281987
5,1367, 0.282250
5,1368, 0.282740
5,1369, 0.283462
5,1370, 0.283429
5,1371, 0.283877
5,1372, 0.284413
5,1373, 0.284849
5,1374, 0.285161
5,1375, 0.285572
5,1376, 0.286069
5,1377, 0.286715
5,1378, 0.287032
5,1379, 0.287405
5,1380, 0.287807
5,1381, 0.288411
5,1382, 0.288673
5,1383, 0.289075
5,1384, 0.289522
5,1385, 0.290007
5,1386, 0.290486
5,1387, 0.290778
5,1388, 0.291110
5,1389, 0.291605
5,1390, 0.291935
5,1391, 0.292069
5,1392, 0.292757
5,1393, 0.293331
5,1394, 0.293682
5,1395, 0.293995
5,1396, 0.294524
5,1397, 0.295050
5,1398, 0.295377
5,1399, 0.295678
5,1400, 0.296108
5,1401, 0.296767
5,1402, 0.297126
5,1403, 0.297438
5,1404, 0.297992
5,1405, 0.298530
5,1406, 0.298749
5,1407, 0.299203
5,1408, 0.299708
5,1409, 0.300181
5,1410, 0.300527
5,1411, 0.300867
5,1412, 0.301370
5,1413, 0.301873
5,1414, 0.302106
5,1415, 0.302484
5,1416, 0.303061
5,1417, 0.303555
5,1418, 0.303771
5,1419, 0.304067
5,1420, 0.304683
5,1421, 0.305274
5,1422, 0.305488
5,1423, 0.306167
5,1424, 0.306661
5,1425, 0.307085
5,1426, 0.307423
5,1427, 0.307746
5,1428, 0.308146
5,1429, 0.308811
5,1430, 0.309077
5,1431, 0.309371
5,1432, 0.310052
5,1433, 0.310497
5,1434, 0.310890
5,1435, 0.311200
5,1436, 0.311656
5,1437, 0.312221
5,1438, 0.312479
5,1439, 0.312930
5,1440, 0.313451
5,1441, 0.313870
5,1442, 0.314136
5,1443, 0.314372
5,1444, 0.315067
5,1445, 0.315582
5,1446, 0.316120
5,1447, 0.316447
5,1448, 0.316979
5,1449, 0.317476
5,1450, 0.317800
5,1451, 0.318159
5,1452, 0.318684
5,1453, 0.319222
5,1454, 0.319674
5,1455, 0.319886
5,1456, 0.320463
5,1457, 0.320946
5,1458, 0.321327
5,1459, 0.321717
5,1460, 0.322192
5,1461, 0.322766
5,1462, 0.323167
5,1463, 0.323347
5,1464, 0.324034
5,1465, 0.324653
5,1466, 0.324779
5,1467, 0.325307
5,1468, 0.325850
5,1469, 0.326285
5,1470, 0.326629
5,1471, 0.326992
5,1472, 0.327564
5,1473, 0.328242
5,1474, 0.328460
5,1475, 0.328843
5,1476, 0.329266
5,1477, 0.329959
5,1478, 0.330215
5,1479, 0.330535
5,1480, 0.331146
5,1481, 0.331636
5,1482, 0.332043
5,1483, 0.332338
5,1484, 0.333022
5,1485, 0.333540
5,1486, 0.333835
5,1487, 0.334199
5,1488, 0.334769
5,1489, 0.335348
5,1490, 0.335541
5,1491, 0.336048
5,1492, 0.336451
5,1493, 0.337048
5,1494, 0.337404
5,1495, 0.337800
5,1496, 0.338465
5,1497, 0.338870
5,1498, 0.339245
5,1499, 0.339541
5,1500, 0.340152
