27,500, 0.062751
27,501, 0.019465
27,502, 0.217783
27,503, 0.016816
27,504, 0.008946
27,505, 0.216191
27,506, 0.206239
27,507, 0.009087
27,508, 0.019188
27,509, 0.009180
27,510, 0.218257
27,511, 0.016570
27,512, 0.009309
27,513, 0.009178
27,514, 0.009446
27,515, 0.009181
27,516, 0.009453
27,517, 0.017396
27,518, 0.009555
27,519, 0.013412
27,520, 0.009514
27,521, 0.009592
27,522, 0.009599
27,523, 0.009746
27,524, 0.009609
27,525, 0.009749
27,526, 0.218783
27,527, 0.010009
27,528, 0.218300
27,529, 0.023028
27,530, 0.217644
27,531, 0.009953
27,532, 0.010025
27,533, 0.010169
27,534, 0.010032
27,535, 0.010180
27,536, 0.016583
27,537, 0.010086
27,538, 0.010310
27,539, 0.207737
27,540, 0.010453
27,541, 0.218213
27,542, 0.010438
27,543, 0.207715
27,544, 0.010606
27,545, 0.010471
27,546, 0.010594
27,547, 0.010616
27,548, 0.010599
27,549, 0.216757
27,550, 0.215675
27,551, 0.010827
27,552, 0.010744
27,553, 0.011034
27,554, 0.010755
27,555, 0.011034
27,556, 0.010884
27,557, 0.011047
27,558, 0.219606
27,559, 0.216433
27,560, 0.219678
27,561, 0.019443
27,562, 0.011093
27,563, 0.011172
27,564, 0.011456
27,565, 0.011190
27,566, 0.219942
27,567, 0.220602
27,568, 0.011465
27,569, 0.011320
27,570, 0.016344
27,571, 0.011461
27,572, 0.219548
27,573, 0.217767
27,574, 0.011528
27,575, 0.011757
27,576, 0.011612
27,577, 0.011886
27,578, 0.011616
27,579, 0.012024
27,580, 0.204824
27,581, 0.012082
27,582, 0.011886
27,583, 0.012046
27,584, 0.011901
27,585, 0.012038
27,586, 0.020496
27,587, 0.012169
27,588, 0.012194
27,589, 0.219712
27,590, 0.012378
27,591, 0.012179
27,592, 0.012469
27,593, 0.012189
27,594, 0.217689
27,595, 0.217406
27,596, 0.012476
27,597, 0.012453
27,598, 0.015688
27,599, 0.012548
27,600, 0.218371
27,601, 0.012717
27,602, 0.219251
27,603, 0.023484
27,604, 0.012713
27,605, 0.013042
27,606, 0.219086
27,607, 0.219924
27,608, 0.012868
27,609, 0.013042
27,610, 0.013035
27,611, 0.013178
27,612, 0.013185
27,613, 0.013190
27,614, 0.013322
27,615, 0.220582
27,616, 0.013393
27,617, 0.013183
27,618, 0.013465
27,619, 0.220145
27,620, 0.013661
27,621, 0.013473
27,622, 0.013619
27,623, 0.219325
27,624, 0.013634
27,625, 0.013619
27,626, 0.013616
27,627, 0.013884
27,628, 0.246513
27,629, 0.221642
27,630, 0.013828
27,631, 0.014041
27,632, 0.013767
27,633, 0.014173
27,634, 0.220807
27,635, 0.020285
27,636, 0.014224
27,637, 0.014194
27,638, 0.222843
27,639, 0.014403
27,640, 0.014354
27,641, 0.219036
27,642, 0.220062
27,643, 0.222219
27,644, 0.018932
27,645, 0.017547
27,646, 0.014674
27,647, 0.222706
27,648, 0.014825
27,649, 0.221585
27,650, 0.014811
27,651, 0.223064
27,652, 0.014772
27,653, 0.221223
27,654, 0.015016
27,655, 0.223110
27,656, 0.219811
27,657, 0.220190
27,658, 0.020530
27,659, 0.015370
27,660, 0.015055
27,661, 0.015328
27,662, 0.015199
27,663, 0.015338
27,664, 0.015333
27,665, 0.015343
27,666, 0.221705
27,667, 0.043848
27,668, 0.243760
27,669, 0.220914
27,670, 0.220060
27,671, 0.211489
27,672, 0.015900
27,673, 0.015801
27,674, 0.016005
27,675, 0.016541
27,676, 0.015997
27,677, 0.220276
27,678, 0.226571
27,679, 0.016997
27,680, 0.016108
27,681, 0.016359
27,682, 0.016180
27,683, 0.221824
27,684, 0.017302
27,685, 0.016617
27,686, 0.016348
27,687, 0.016619
27,688, 0.019323
27,689, 0.219906
27,690, 0.223804
27,691, 0.016780
27,692, 0.016909
27,693, 0.016781
27,694, 0.016919
27,695, 0.016759
27,696, 0.222461
27,697, 0.024334
27,698, 0.017111
27,699, 0.017056
27,700, 0.221531
27,701, 0.017161
27,702, 0.222850
27,703, 0.021346
27,704, 0.017277
27,705, 0.222100
27,706, 0.017309
27,707, 0.222373
27,708, 0.017329
27,709, 0.222706
27,710, 0.223930
27,711, 0.224083
27,712, 0.017668
27,713, 0.017798
27,714, 0.021177
27,715, 0.017927
27,716, 0.017918
27,717, 0.017915
27,718, 0.018718
27,719, 0.222610
27,720, 0.023450
27,721, 0.018056
27,722, 0.018347
27,723, 0.018062
27,724, 0.019111
27,725, 0.018160
27,726, 0.018352
27,727, 0.018342
27,728, 0.018485
27,729, 0.222589
27,730, 0.220490
27,731, 0.018814
27,732, 0.220156
27,733, 0.018966
27,734, 0.221178
27,735, 0.019092
27,736, 0.221400
27,737, 0.220826
27,738, 0.019906
27,739, 0.019244
27,740, 0.019360
27,741, 0.019190
27,742, 0.019201
27,743, 0.019208
27,744, 0.019349
27,745, 0.019346
27,746, 0.019499
27,747, 0.019358
27,748, 0.019625
27,749, 0.019358
27,750, 0.221918
27,751, 0.224072
27,752, 0.213212
27,753, 0.211617
27,754, 0.019857
27,755, 0.019920
27,756, 0.019790
27,757, 0.020057
27,758, 0.019922
27,759, 0.020213
27,760, 0.019927
27,761, 0.020346
27,762, 0.019935
27,763, 0.020347
27,764, 0.020532
27,765, 0.020471
27,766, 0.209236
27,767, 0.220760
27,768, 0.220062
27,769, 0.020566
27,770, 0.020635
27,771, 0.020629
27,772, 0.245917
27,773, 0.212774
27,774, 0.220202
27,775, 0.224086
27,776, 0.222918
27,777, 0.212163
27,778, 0.021130
27,779, 0.021208
27,780, 0.021218
27,781, 0.021352
27,782, 0.021351
27,783, 0.021508
27,784, 0.021349
27,785, 0.021786
27,786, 0.021365
27,787, 0.021782
27,788, 0.021493
27,789, 0.021931
27,790, 0.222480
27,791, 0.224095
27,792, 0.219751
27,793, 0.024591
27,794, 0.021860
27,795, 0.221753
27,796, 0.022391
27,797, 0.022059
27,798, 0.022360
27,799, 0.022213
27,800, 0.022509
27,801, 0.250917
27,802, 0.022604
27,803, 0.022497
27,804, 0.022651
27,805, 0.048963
27,806, 0.221120
27,807, 0.211902
27,808, 0.022777
27,809, 0.023066
27,810, 0.245924
27,811, 0.226102
27,812, 0.022850
27,813, 0.023793
27,814, 0.022930
27,815, 0.023362
27,816, 0.220895
27,817, 0.023387
27,818, 0.226603
27,819, 0.222394
27,820, 0.224517
27,821, 0.023637
27,822, 0.225493
27,823, 0.023660
27,824, 0.222559
27,825, 0.220354
27,826, 0.225105
27,827, 0.223534
27,828, 0.024069
27,829, 0.223362
27,830, 0.223490
27,831, 0.221202
27,832, 0.228356
27,833, 0.223010
27,834, 0.224113
27,835, 0.216502
27,836, 0.228379
27,837, 0.215921
27,838, 0.227207
27,839, 0.024773
27,840, 0.024507
27,841, 0.024802
27,842, 0.024646
27,843, 0.024943
27,844, 0.224622
27,845, 0.223584
27,846, 0.223937
27,847, 0.226046
27,848, 0.222484
27,849, 0.213334
27,850, 0.227503
27,851, 0.212614
27,852, 0.214609
27,853, 0.223317
27,854, 0.025501
27,855, 0.025369
27,856, 0.025502
27,857, 0.025520
27,858, 0.246059
27,859, 0.217412
27,860, 0.212357
27,861, 0.026038
27,862, 0.025668
27,863, 0.026218
27,864, 0.025668
27,865, 0.026230
27,866, 0.025953
27,867, 0.026360
27,868, 0.225446
27,869, 0.224572
27,870, 0.227634
27,871, 0.026663
27,872, 0.224633
27,873, 0.229053
27,874, 0.216901
27,875, 0.220920
27,876, 0.226293
27,877, 0.217200
27,878, 0.214311
27,879, 0.229554
27,880, 0.222580
27,881, 0.224088
27,882, 0.223255
27,883, 0.225192
27,884, 0.223896
27,885, 0.211879
27,886, 0.247823
27,887, 0.027550
27,888, 0.027369
27,889, 0.027675
27,890, 0.027370
27,891, 0.027808
27,892, 0.027379
27,893, 0.027942
27,894, 0.027667
27,895, 0.247002
27,896, 0.211896
27,897, 0.249104
27,898, 0.223154
27,899, 0.028066
27,900, 0.028225
27,901, 0.028099
27,902, 0.227206
27,903, 0.028255
27,904, 0.028654
27,905, 0.028250
27,906, 0.028657
27,907, 0.028389
27,908, 0.028668
27,909, 0.028663
27,910, 0.028815
27,911, 0.028811
27,912, 0.028810
27,913, 0.251395
27,914, 0.221755
27,915, 0.224314
27,916, 0.213571
27,917, 0.222160
27,918, 0.225613
27,919, 0.223524
27,920, 0.223672
27,921, 0.224346
27,922, 0.223268
27,923, 0.230875
27,924, 0.029729
27,925, 0.029664
27,926, 0.029817
27,927, 0.248955
27,928, 0.223799
27,929, 0.249716
27,930, 0.252194
27,931, 0.228419
27,932, 0.225797
27,933, 0.224636
27,934, 0.223392
27,935, 0.224505
27,936, 0.223524
27,937, 0.228140
27,938, 0.228393
27,939, 0.224640
27,940, 0.227537
27,941, 0.228714
27,942, 0.227573
27,943, 0.031088
27,944, 0.224424
27,945, 0.224230
27,946, 0.253114
27,947, 0.227138
27,948, 0.227546
27,949, 0.228515
27,950, 0.227531
27,951, 0.228527
27,952, 0.031368
27,953, 0.031247
27,954, 0.031539
27,955, 0.031245
27,956, 0.031677
27,957, 0.051512
27,958, 0.221153
27,959, 0.213696
27,960, 0.216173
27,961, 0.228101
27,962, 0.031877
27,963, 0.031964
27,964, 0.031958
27,965, 0.032247
27,966, 0.031972
27,967, 0.032394
27,968, 0.032103
27,969, 0.032542
27,970, 0.032241
27,971, 0.226942
27,972, 0.032400
27,973, 0.032688
27,974, 0.032666
27,975, 0.249892
27,976, 0.217036
27,977, 0.252491
27,978, 0.227847
27,979, 0.227969
27,980, 0.226309
27,981, 0.230355
27,982, 0.231932
27,983, 0.228843
27,984, 0.251488
27,985, 0.033712
27,986, 0.033829
27,987, 0.033826
27,988, 0.252217
27,989, 0.230315
27,990, 0.230572
27,991, 0.228476
27,992, 0.215482
27,993, 0.228904
27,994, 0.226316
27,995, 0.228726
27,996, 0.228629
27,997, 0.228127
27,998, 0.228296
27,999, 0.227606
27,1000, 0.227159
27,1001, 0.229534
27,1002, 0.227308
27,1003, 0.228097
27,1004, 0.035181
27,1005, 0.034975
27,1006, 0.035268
27,1007, 0.053785
27,1008, 0.251930
27,1009, 0.228898
27,1010, 0.227982
27,1011, 0.229440
27,1012, 0.231533
27,1013, 0.231979
27,1014, 0.227189
27,1015, 0.232915
27,1016, 0.231033
27,1017, 0.232919
27,1018, 0.227821
27,1019, 0.232272
27,1020, 0.227131
27,1021, 0.233647
27,1022, 0.231678
27,1023, 0.232293
27,1024, 0.036408
27,1025, 0.036699
27,1026, 0.036551
27,1027, 0.229435
27,1028, 0.228136
27,1029, 0.216720
27,1030, 0.217983
27,1031, 0.036843
27,1032, 0.037260
27,1033, 0.036981
27,1034, 0.037409
27,1035, 0.036991
27,1036, 0.037410
27,1037, 0.037133
27,1038, 0.037413
27,1039, 0.037409
27,1040, 0.037554
27,1041, 0.037695
27,1042, 0.037566
27,1043, 0.037850
27,1044, 0.037688
27,1045, 0.038135
27,1046, 0.037702
27,1047, 0.038275
27,1048, 0.037835
27,1049, 0.038281
27,1050, 0.037986
27,1051, 0.219963
27,1052, 0.255614
27,1053, 0.038500
27,1054, 0.038559
27,1055, 0.038703
27,1056, 0.038843
27,1057, 0.038704
27,1058, 0.038992
27,1059, 0.038703
27,1060, 0.039138
27,1061, 0.051745
27,1062, 0.220408
27,1063, 0.221872
27,1064, 0.222300
27,1065, 0.232232
27,1066, 0.231413
27,1067, 0.039581
27,1068, 0.039415
27,1069, 0.039713
27,1070, 0.039552
27,1071, 0.039995
27,1072, 0.039567
27,1073, 0.040131
27,1074, 0.039706
27,1075, 0.040148
27,1076, 0.039846
27,1077, 0.040280
27,1078, 0.040133
27,1079, 0.259788
27,1080, 0.040544
27,1081, 0.040279
27,1082, 0.040426
27,1083, 0.040293
27,1084, 0.040701
27,1085, 0.040416
27,1086, 0.040853
27,1087, 0.231054
27,1088, 0.230887
27,1089, 0.233067
27,1090, 0.232116
27,1091, 0.040977
27,1092, 0.041140
27,1093, 0.233773
27,1094, 0.232129
27,1095, 0.232745
27,1096, 0.041512
27,1097, 0.041999
27,1098, 0.041712
27,1099, 0.042150
27,1100, 0.229234
27,1101, 0.042283
27,1102, 0.041998
27,1103, 0.252218
27,1104, 0.223214
27,1105, 0.231945
27,1106, 0.219976
27,1107, 0.232083
27,1108, 0.231346
27,1109, 0.232269
27,1110, 0.231992
27,1111, 0.232757
27,1112, 0.235214
27,1113, 0.042695
27,1114, 0.233505
27,1115, 0.230624
27,1116, 0.043220
27,1117, 0.043145
27,1118, 0.043289
27,1119, 0.043431
27,1120, 0.043427
27,1121, 0.221168
27,1122, 0.043477
27,1123, 0.043998
27,1124, 0.043581
27,1125, 0.044145
27,1126, 0.043721
27,1127, 0.044159
27,1128, 0.043859
27,1129, 0.222640
27,1130, 0.263245
27,1131, 0.044399
27,1132, 0.044443
27,1133, 0.221726
27,1134, 0.044634
27,1135, 0.218810
27,1136, 0.044961
27,1137, 0.044573
27,1138, 0.045027
27,1139, 0.044718
27,1140, 0.045144
27,1141, 0.044873
27,1142, 0.260298
27,1143, 0.254222
27,1144, 0.235000
27,1145, 0.219703
27,1146, 0.220943
27,1147, 0.224058
27,1148, 0.237740
27,1149, 0.225784
27,1150, 0.221321
27,1151, 0.222623
27,1152, 0.221429
27,1153, 0.046226
27,1154, 0.221625
27,1155, 0.228207
27,1156, 0.221360
27,1157, 0.221967
27,1158, 0.230543
27,1159, 0.225909
27,1160, 0.046841
27,1161, 0.046717
27,1162, 0.227716
27,1163, 0.046680
27,1164, 0.047165
27,1165, 0.221272
27,1166, 0.221974
27,1167, 0.221318
27,1168, 0.267507
27,1169, 0.219422
27,1170, 0.224805
27,1171, 0.226175
27,1172, 0.220927
27,1173, 0.261858
27,1174, 0.228940
27,1175, 0.233774
27,1176, 0.219647
27,1177, 0.223180
27,1178, 0.220308
27,1179, 0.048434
27,1180, 0.226215
27,1181, 0.219978
27,1182, 0.048248
27,1183, 0.048587
27,1184, 0.048609
27,1185, 0.267819
27,1186, 0.221610
27,1187, 0.261822
27,1188, 0.049251
27,1189, 0.048742
27,1190, 0.049313
27,1191, 0.257143
27,1192, 0.256503
27,1193, 0.236006
27,1194, 0.236889
27,1195, 0.235997
27,1196, 0.049616
27,1197, 0.228040
27,1198, 0.230348
27,1199, 0.233326
27,1200, 0.230232
27,1201, 0.226527
27,1202, 0.225973
27,1203, 0.222843
27,1204, 0.227231
27,1205, 0.226568
27,1206, 0.223942
27,1207, 0.227344
27,1208, 0.050561
27,1209, 0.267226
27,1210, 0.227861
27,1211, 0.050803
27,1212, 0.268334
27,1213, 0.228352
27,1214, 0.051225
27,1215, 0.233166
27,1216, 0.051409
27,1217, 0.222169
27,1218, 0.231300
27,1219, 0.233297
27,1220, 0.225181
27,1221, 0.229176
27,1222, 0.051745
27,1223, 0.229791
27,1224, 0.237226
27,1225, 0.241973
27,1226, 0.232655
27,1227, 0.052541
27,1228, 0.052039
27,1229, 0.052617
27,1230, 0.052171
27,1231, 0.052759
27,1232, 0.052322
27,1233, 0.052767
27,1234, 0.052599
27,1235, 0.052887
27,1236, 0.052903
27,1237, 0.052897
27,1238, 0.263693
27,1239, 0.261234
27,1240, 0.238219
27,1241, 0.229462
27,1242, 0.227502
27,1243, 0.228824
27,1244, 0.230276
27,1245, 0.227912
27,1246, 0.227580
27,1247, 0.236677
27,1248, 0.227971
27,1249, 0.233907
27,1250, 0.224704
27,1251, 0.232556
27,1252, 0.229478
27,1253, 0.228566
27,1254, 0.227876
27,1255, 0.226311
27,1256, 0.228323
27,1257, 0.243932
27,1258, 0.227939
27,1259, 0.242897
27,1260, 0.229874
27,1261, 0.055131
27,1262, 0.229700
27,1263, 0.055148
27,1264, 0.055341
27,1265, 0.070316
27,1266, 0.055698
27,1267, 0.055318
27,1268, 0.225989
27,1269, 0.055560
27,1270, 0.055911
27,1271, 0.055753
27,1272, 0.056057
27,1273, 0.239863
27,1274, 0.227494
27,1275, 0.056201
27,1276, 0.056179
27,1277, 0.056620
27,1278, 0.056339
27,1279, 0.056769
27,1280, 0.270515
27,1281, 0.222919
27,1282, 0.229537
27,1283, 0.243384
27,1284, 0.235918
27,1285, 0.235030
27,1286, 0.228703
27,1287, 0.226374
27,1288, 0.228017
27,1289, 0.235400
27,1290, 0.057647
27,1291, 0.260837
27,1292, 0.057984
27,1293, 0.240150
27,1294, 0.058600
27,1295, 0.057784
27,1296, 0.225130
27,1297, 0.229796
27,1298, 0.232401
27,1299, 0.224681
27,1300, 0.058522
27,1301, 0.058625
27,1302, 0.261365
27,1303, 0.233920
27,1304, 0.058654
27,1305, 0.251052
27,1306, 0.230512
27,1307, 0.245011
27,1308, 0.236874
27,1309, 0.229703
27,1310, 0.228235
27,1311, 0.227952
27,1312, 0.228247
27,1313, 0.241083
27,1314, 0.230864
27,1315, 0.227951
27,1316, 0.227957
27,1317, 0.228189
27,1318, 0.231381
27,1319, 0.246400
27,1320, 0.230626
27,1321, 0.228666
27,1322, 0.237871
27,1323, 0.230680
27,1324, 0.232557
27,1325, 0.263865
27,1326, 0.230442
27,1327, 0.245649
27,1328, 0.230881
27,1329, 0.232114
27,1330, 0.235951
27,1331, 0.234877
27,1332, 0.229344
27,1333, 0.232130
27,1334, 0.238129
27,1335, 0.232430
27,1336, 0.236560
27,1337, 0.232915
27,1338, 0.231942
27,1339, 0.230701
27,1340, 0.229371
27,1341, 0.232581
27,1342, 0.062413
27,1343, 0.062355
27,1344, 0.062791
27,1345, 0.062493
27,1346, 0.275077
27,1347, 0.236704
27,1348, 0.063094
27,1349, 0.063934
27,1350, 0.063206
27,1351, 0.063212
27,1352, 0.063235
27,1353, 0.063365
27,1354, 0.241209
27,1355, 0.063696
27,1356, 0.251033
27,1357, 0.229595
27,1358, 0.232093
27,1359, 0.251871
27,1360, 0.229795
27,1361, 0.227195
27,1362, 0.064034
27,1363, 0.064381
27,1364, 0.064216
27,1365, 0.064512
27,1366, 0.064502
27,1367, 0.064507
27,1368, 0.266472
27,1369, 0.064826
27,1370, 0.065214
27,1371, 0.064802
27,1372, 0.065377
27,1373, 0.070490
27,1374, 0.232049
27,1375, 0.239280
27,1376, 0.238175
27,1377, 0.228718
27,1378, 0.227661
27,1379, 0.066013
27,1380, 0.275537
27,1381, 0.272837
27,1382, 0.230823
27,1383, 0.233723
27,1384, 0.234300
27,1385, 0.231381
27,1386, 0.066083
27,1387, 0.066661
27,1388, 0.238407
27,1389, 0.246188
27,1390, 0.232925
27,1391, 0.233530
27,1392, 0.238425
27,1393, 0.227933
27,1394, 0.279873
27,1395, 0.233439
27,1396, 0.238524
27,1397, 0.232075
27,1398, 0.241813
27,1399, 0.231795
27,1400, 0.240144
27,1401, 0.243285
27,1402, 0.243492
27,1403, 0.244447
27,1404, 0.240816
27,1405, 0.233008
27,1406, 0.227634
27,1407, 0.230353
27,1408, 0.068408
27,1409, 0.068942
27,1410, 0.228643
27,1411, 0.230804
27,1412, 0.229418
27,1413, 0.235144
27,1414, 0.249092
27,1415, 0.244555
27,1416, 0.247647
27,1417, 0.248093
27,1418, 0.238086
27,1419, 0.069566
27,1420, 0.069955
27,1421, 0.069658
27,1422, 0.244546
27,1423, 0.069841
27,1424, 0.070381
27,1425, 0.271374
27,1426, 0.070528
27,1427, 0.070243
27,1428, 0.274901
27,1429, 0.238884
27,1430, 0.253731
27,1431, 0.235026
27,1432, 0.070779
27,1433, 0.071249
27,1434, 0.223855
27,1435, 0.242125
27,1436, 0.239912
27,1437, 0.237051
27,1438, 0.251138
27,1439, 0.236915
27,1440, 0.240725
27,1441, 0.071926
27,1442, 0.071802
27,1443, 0.072114
27,1444, 0.072108
27,1445, 0.072108
27,1446, 0.229006
27,1447, 0.239857
27,1448, 0.235229
27,1449, 0.242613
27,1450, 0.233300
27,1451, 0.238639
27,1452, 0.237084
27,1453, 0.072877
27,1454, 0.281743
27,1455, 0.236244
27,1456, 0.241618
27,1457, 0.073441
27,1458, 0.268360
27,1459, 0.239366
27,1460, 0.231910
27,1461, 0.265117
27,1462, 0.242553
27,1463, 0.234163
27,1464, 0.073831
27,1465, 0.074521
27,1466, 0.074121
27,1467, 0.245895
27,1468, 0.233239
27,1469, 0.233751
27,1470, 0.236712
27,1471, 0.238319
27,1472, 0.268993
27,1473, 0.272645
27,1474, 0.075468
27,1475, 0.074965
27,1476, 0.238393
27,1477, 0.236828
27,1478, 0.243200
27,1479, 0.231497
27,1480, 0.075944
27,1481, 0.075837
27,1482, 0.075974
27,1483, 0.076122
27,1484, 0.076135
27,1485, 0.076407
27,1486, 0.238107
27,1487, 0.245337
27,1488, 0.236943
27,1489, 0.247640
27,1490, 0.259324
27,1491, 0.230847
27,1492, 0.236764
27,1493, 0.233256
27,1494, 0.237398
27,1495, 0.242351
27,1496, 0.077419
27,1497, 0.229064
27,1498, 0.234301
27,1499, 0.245506
27,1500, 0.242670
