28,500, 0.039083
28,501, 0.008519
28,502, 0.009028
28,503, 0.008739
28,504, 0.016925
28,505, 0.008872
28,506, 0.009031
28,507, 0.009027
28,508, 0.009028
28,509, 0.204072
28,510, 0.008955
28,511, 0.009171
28,512, 0.009171
28,513, 0.009176
28,514, 0.207561
28,515, 0.009335
28,516, 0.018781
28,517, 0.009308
28,518, 0.009456
28,519, 0.017244
28,520, 0.009414
28,521, 0.009459
28,522, 0.009458
28,523, 0.009733
28,524, 0.205974
28,525, 0.009780
28,526, 0.009600
28,527, 0.009901
28,528, 0.009588
28,529, 0.010031
28,530, 0.009746
28,531, 0.010030
28,532, 0.009895
28,533, 0.010029
28,534, 0.010029
28,535, 0.010037
28,536, 0.214891
28,537, 0.010036
28,538, 0.010173
28,539, 0.010171
28,540, 0.010194
28,541, 0.215448
28,542, 0.010188
28,543, 0.010327
28,544, 0.010302
28,545, 0.010461
28,546, 0.214459
28,547, 0.010469
28,548, 0.010462
28,549, 0.010458
28,550, 0.011217
28,551, 0.010424
28,552, 0.019236
28,553, 0.010436
28,554, 0.218251
28,555, 0.219633
28,556, 0.017406
28,557, 0.010757
28,558, 0.011028
28,559, 0.010890
28,560, 0.011038
28,561, 0.011039
28,562, 0.011033
28,563, 0.011171
28,564, 0.011041
28,565, 0.011176
28,566, 0.011175
28,567, 0.011185
28,568, 0.011315
28,569, 0.011189
28,570, 0.011454
28,571, 0.011321
28,572, 0.011468
28,573, 0.011616
28,574, 0.011459
28,575, 0.011470
28,576, 0.011461
28,577, 0.011614
28,578, 0.011455
28,579, 0.011894
28,580, 0.011482
28,581, 0.011895
28,582, 0.011458
28,583, 0.012028
28,584, 0.011617
28,585, 0.012029
28,586, 0.011896
28,587, 0.012039
28,588, 0.012038
28,589, 0.012041
28,590, 0.012175
28,591, 0.012051
28,592, 0.012177
28,593, 0.012180
28,594, 0.012194
28,595, 0.012314
28,596, 0.012321
28,597, 0.012469
28,598, 0.012336
28,599, 0.205565
28,600, 0.012336
28,601, 0.012468
28,602, 0.012471
28,603, 0.012466
28,604, 0.012746
28,605, 0.012477
28,606, 0.012894
28,607, 0.012604
28,608, 0.013045
28,609, 0.012613
28,610, 0.013051
28,611, 0.017098
28,612, 0.217843
28,613, 0.012920
28,614, 0.013171
28,615, 0.013187
28,616, 0.013185
28,617, 0.018580
28,618, 0.013241
28,619, 0.013324
28,620, 0.013330
28,621, 0.013333
28,622, 0.013466
28,623, 0.020576
28,624, 0.013680
28,625, 0.013476
28,626, 0.013620
28,627, 0.013480
28,628, 0.013605
28,629, 0.013625
28,630, 0.207351
28,631, 0.207956
28,632, 0.016665
28,633, 0.014280
28,634, 0.249013
28,635, 0.208623
28,636, 0.220033
28,637, 0.014318
28,638, 0.013906
28,639, 0.014331
28,640, 0.019989
28,641, 0.014547
28,642, 0.218849
28,643, 0.014538
28,644, 0.014615
28,645, 0.245890
28,646, 0.014737
28,647, 0.017975
28,648, 0.014565
28,649, 0.248388
28,650, 0.014808
28,651, 0.014903
28,652, 0.014628
28,653, 0.019880
28,654, 0.020088
28,655, 0.014924
28,656, 0.014774
28,657, 0.022372
28,658, 0.015170
28,659, 0.221113
28,660, 0.220170
28,661, 0.021133
28,662, 0.015534
28,663, 0.015050
28,664, 0.015492
28,665, 0.015180
28,666, 0.015619
28,667, 0.015351
28,668, 0.218295
28,669, 0.020766
28,670, 0.015660
28,671, 0.015909
28,672, 0.219639
28,673, 0.015774
28,674, 0.220634
28,675, 0.015883
28,676, 0.219962
28,677, 0.219946
28,678, 0.219922
28,679, 0.220808
28,680, 0.020086
28,681, 0.016190
28,682, 0.016340
28,683, 0.016484
28,684, 0.016337
28,685, 0.016624
28,686, 0.016202
28,687, 0.016626
28,688, 0.016194
28,689, 0.016773
28,690, 0.016199
28,691, 0.016767
28,692, 0.211427
28,693, 0.220381
28,694, 0.219930
28,695, 0.017020
28,696, 0.017063
28,697, 0.017049
28,698, 0.247162
28,699, 0.017042
28,700, 0.246715
28,701, 0.209223
28,702, 0.017145
28,703, 0.217933
28,704, 0.017316
28,705, 0.017486
28,706, 0.017341
28,707, 0.208434
28,708, 0.017496
28,709, 0.218602
28,710, 0.020001
28,711, 0.017429
28,712, 0.018198
28,713, 0.043696
28,714, 0.018084
28,715, 0.222218
28,716, 0.020865
28,717, 0.017678
28,718, 0.221370
28,719, 0.416494
28,720, 0.219391
28,721, 0.220795
28,722, 0.224002
28,723, 0.224047
28,724, 0.224008
28,725, 0.224011
28,726, 0.224013
28,727, 0.208518
28,728, 0.211874
28,729, 0.208158
28,730, 0.219661
28,731, 0.224555
28,732, 0.219439
28,733, 0.224585
28,734, 0.223323
28,735, 0.018740
28,736, 0.018776
28,737, 0.018773
28,738, 0.018637
28,739, 0.248186
28,740, 0.018883
28,741, 0.019394
28,742, 0.022101
28,743, 0.019324
28,744, 0.018783
28,745, 0.019347
28,746, 0.211659
28,747, 0.211575
28,748, 0.019450
28,749, 0.019493
28,750, 0.208722
28,751, 0.221068
28,752, 0.212679
28,753, 0.209970
28,754, 0.224086
28,755, 0.209952
28,756, 0.020086
28,757, 0.019924
28,758, 0.022431
28,759, 0.020139
28,760, 0.023735
28,761, 0.220171
28,762, 0.020012
28,763, 0.020208
28,764, 0.251648
28,765, 0.220267
28,766, 0.249889
28,767, 0.222965
28,768, 0.020897
28,769, 0.222241
28,770, 0.021033
28,771, 0.020354
28,772, 0.222421
28,773, 0.020432
28,774, 0.222963
28,775, 0.220052
28,776, 0.220087
28,777, 0.220827
28,778, 0.212815
28,779, 0.223795
28,780, 0.211269
28,781, 0.212620
28,782, 0.224088
28,783, 0.223950
28,784, 0.224089
28,785, 0.222393
28,786, 0.225640
28,787, 0.226556
28,788, 0.225882
28,789, 0.021636
28,790, 0.021641
28,791, 0.021647
28,792, 0.021507
28,793, 0.021931
28,794, 0.021500
28,795, 0.025697
28,796, 0.250385
28,797, 0.208183
28,798, 0.210202
28,799, 0.212083
28,800, 0.222955
28,801, 0.224661
28,802, 0.223943
28,803, 0.212815
28,804, 0.223662
28,805, 0.224372
28,806, 0.223947
28,807, 0.211780
28,808, 0.212253
28,809, 0.022514
28,810, 0.022651
28,811, 0.022648
28,812, 0.022640
28,813, 0.210484
28,814, 0.209316
28,815, 0.224365
28,816, 0.223076
28,817, 0.023019
28,818, 0.023071
28,819, 0.254231
28,820, 0.225991
28,821, 0.222250
28,822, 0.251882
28,823, 0.252177
28,824, 0.224657
28,825, 0.023184
28,826, 0.023787
28,827, 0.023362
28,828, 0.024510
28,829, 0.023520
28,830, 0.254194
28,831, 0.249025
28,832, 0.251767
28,833, 0.227234
28,834, 0.216214
28,835, 0.253182
28,836, 0.226670
28,837, 0.224204
28,838, 0.228277
28,839, 0.024327
28,840, 0.024518
28,841, 0.024226
28,842, 0.024644
28,843, 0.024369
28,844, 0.024375
28,845, 0.024649
28,846, 0.250478
28,847, 0.247567
28,848, 0.220637
28,849, 0.025206
28,850, 0.024652
28,851, 0.223516
28,852, 0.224086
28,853, 0.225238
28,854, 0.024884
28,855, 0.025367
28,856, 0.025232
28,857, 0.223019
28,858, 0.216575
28,859, 0.216005
28,860, 0.025635
28,861, 0.025511
28,862, 0.217327
28,863, 0.253910
28,864, 0.025783
28,865, 0.220809
28,866, 0.025768
28,867, 0.026085
28,868, 0.025934
28,869, 0.257066
28,870, 0.252708
28,871, 0.222868
28,872, 0.223932
28,873, 0.026011
28,874, 0.026512
28,875, 0.211477
28,876, 0.225042
28,877, 0.026232
28,878, 0.026943
28,879, 0.026253
28,880, 0.026937
28,881, 0.026513
28,882, 0.026950
28,883, 0.026799
28,884, 0.253709
28,885, 0.253104
28,886, 0.027045
28,887, 0.027236
28,888, 0.223446
28,889, 0.251462
28,890, 0.228240
28,891, 0.215070
28,892, 0.228385
28,893, 0.225423
28,894, 0.223128
28,895, 0.224088
28,896, 0.226507
28,897, 0.215839
28,898, 0.224584
28,899, 0.028466
28,900, 0.027678
28,901, 0.028222
28,902, 0.252287
28,903, 0.215305
28,904, 0.220036
28,905, 0.229694
28,906, 0.223704
28,907, 0.228621
28,908, 0.223933
28,909, 0.224085
28,910, 0.216899
28,911, 0.224158
28,912, 0.028846
28,913, 0.028668
28,914, 0.028954
28,915, 0.028809
28,916, 0.028954
28,917, 0.028819
28,918, 0.226614
28,919, 0.223265
28,920, 0.223538
28,921, 0.228492
28,922, 0.224108
28,923, 0.229167
28,924, 0.227403
28,925, 0.216149
28,926, 0.230049
28,927, 0.213995
28,928, 0.223266
28,929, 0.223648
28,930, 0.030237
28,931, 0.225546
28,932, 0.030347
28,933, 0.029815
28,934, 0.030386
28,935, 0.252414
28,936, 0.030425
28,937, 0.049742
28,938, 0.254156
28,939, 0.256884
28,940, 0.030427
28,941, 0.030685
28,942, 0.254909
28,943, 0.030791
28,944, 0.030818
28,945, 0.030816
28,946, 0.030961
28,947, 0.030823
28,948, 0.031106
28,949, 0.030957
28,950, 0.052366
28,951, 0.030925
28,952, 0.031103
28,953, 0.254977
28,954, 0.217675
28,955, 0.227965
28,956, 0.216597
28,957, 0.031953
28,958, 0.031251
28,959, 0.032102
28,960, 0.031391
28,961, 0.032117
28,962, 0.253021
28,963, 0.255910
28,964, 0.215687
28,965, 0.216119
28,966, 0.216752
28,967, 0.032240
28,968, 0.032397
28,969, 0.032257
28,970, 0.032529
28,971, 0.032399
28,972, 0.254499
28,973, 0.032640
28,974, 0.032685
28,975, 0.032968
28,976, 0.032821
28,977, 0.032836
28,978, 0.032818
28,979, 0.032966
28,980, 0.032975
28,981, 0.032959
28,982, 0.033427
28,983, 0.256380
28,984, 0.033643
28,985, 0.033116
28,986, 0.033812
28,987, 0.033113
28,988, 0.033970
28,989, 0.033403
28,990, 0.227778
28,991, 0.033711
28,992, 0.033965
28,993, 0.033980
28,994, 0.254267
28,995, 0.225095
28,996, 0.034136
28,997, 0.034262
28,998, 0.034256
28,999, 0.034273
28,1000, 0.258565
28,1001, 0.034439
28,1002, 0.034701
28,1003, 0.034535
28,1004, 0.034691
28,1005, 0.252570
28,1006, 0.252171
28,1007, 0.224500
28,1008, 0.227452
28,1009, 0.261205
28,1010, 0.230838
28,1011, 0.228600
28,1012, 0.227962
28,1013, 0.230233
28,1014, 0.229704
28,1015, 0.227582
28,1016, 0.230456
28,1017, 0.216873
28,1018, 0.035607
28,1019, 0.035840
28,1020, 0.035977
28,1021, 0.043339
28,1022, 0.036363
28,1023, 0.035973
28,1024, 0.036129
28,1025, 0.226071
28,1026, 0.036264
28,1027, 0.227842
28,1028, 0.036364
28,1029, 0.036710
28,1030, 0.036410
28,1031, 0.036683
28,1032, 0.036553
28,1033, 0.036697
28,1034, 0.036842
28,1035, 0.256448
28,1036, 0.037146
28,1037, 0.036697
28,1038, 0.037554
28,1039, 0.036718
28,1040, 0.220598
28,1041, 0.040295
28,1042, 0.227986
28,1043, 0.227898
28,1044, 0.228102
28,1045, 0.216331
28,1046, 0.037811
28,1047, 0.037848
28,1048, 0.037705
28,1049, 0.037852
28,1050, 0.037691
28,1051, 0.229417
28,1052, 0.037940
28,1053, 0.226015
28,1054, 0.234391
28,1055, 0.232398
28,1056, 0.038606
28,1057, 0.038275
28,1058, 0.038558
28,1059, 0.252372
28,1060, 0.038649
28,1061, 0.038697
28,1062, 0.038568
28,1063, 0.038994
28,1064, 0.257902
28,1065, 0.039408
28,1066, 0.038705
28,1067, 0.039561
28,1068, 0.038850
28,1069, 0.226840
28,1070, 0.216825
28,1071, 0.228984
28,1072, 0.039410
28,1073, 0.228408
28,1074, 0.227809
28,1075, 0.039804
28,1076, 0.255554
28,1077, 0.039768
28,1078, 0.040417
28,1079, 0.039992
28,1080, 0.040007
28,1081, 0.040274
28,1082, 0.040132
28,1083, 0.040439
28,1084, 0.221483
28,1085, 0.040566
28,1086, 0.040427
28,1087, 0.042635
28,1088, 0.228199
28,1089, 0.040532
28,1090, 0.041138
28,1091, 0.040713
28,1092, 0.258352
28,1093, 0.256475
28,1094, 0.218964
28,1095, 0.040762
28,1096, 0.041720
28,1097, 0.258726
28,1098, 0.041755
28,1099, 0.041426
28,1100, 0.041714
28,1101, 0.263077
28,1102, 0.046194
28,1103, 0.041941
28,1104, 0.041854
28,1105, 0.042141
28,1106, 0.042011
28,1107, 0.042138
28,1108, 0.042285
28,1109, 0.042292
28,1110, 0.260293
28,1111, 0.260785
28,1112, 0.235286
28,1113, 0.236004
28,1114, 0.042536
28,1115, 0.042713
28,1116, 0.042581
28,1117, 0.043138
28,1118, 0.042580
28,1119, 0.043715
28,1120, 0.042725
28,1121, 0.043582
28,1122, 0.042848
28,1123, 0.043723
28,1124, 0.043146
28,1125, 0.043719
28,1126, 0.043438
28,1127, 0.043721
28,1128, 0.043873
28,1129, 0.043720
28,1130, 0.044002
28,1131, 0.043864
28,1132, 0.044014
28,1133, 0.262270
28,1134, 0.226810
28,1135, 0.044351
28,1136, 0.044280
28,1137, 0.044592
28,1138, 0.044430
28,1139, 0.044587
28,1140, 0.220346
28,1141, 0.258537
28,1142, 0.260150
28,1143, 0.226996
28,1144, 0.233092
28,1145, 0.231971
28,1146, 0.231990
28,1147, 0.231966
28,1148, 0.221212
28,1149, 0.235964
28,1150, 0.225664
28,1151, 0.220114
28,1152, 0.232250
28,1153, 0.223378
28,1154, 0.228679
28,1155, 0.232128
28,1156, 0.235290
28,1157, 0.230400
28,1158, 0.217015
28,1159, 0.231014
28,1160, 0.231973
28,1161, 0.237750
28,1162, 0.046536
28,1163, 0.046442
28,1164, 0.046731
28,1165, 0.230849
28,1166, 0.046837
28,1167, 0.046730
28,1168, 0.263311
28,1169, 0.223779
28,1170, 0.223847
28,1171, 0.047426
28,1172, 0.257800
28,1173, 0.047697
28,1174, 0.047017
28,1175, 0.047886
28,1176, 0.047447
28,1177, 0.048015
28,1178, 0.227164
28,1179, 0.225274
28,1180, 0.047442
28,1181, 0.223082
28,1182, 0.238372
28,1183, 0.047753
28,1184, 0.048014
28,1185, 0.051574
28,1186, 0.048072
28,1187, 0.227292
28,1188, 0.233914
28,1189, 0.240634
28,1190, 0.048332
28,1191, 0.048594
28,1192, 0.048465
28,1193, 0.235002
28,1194, 0.261876
28,1195, 0.237755
28,1196, 0.226208
28,1197, 0.232677
28,1198, 0.049806
28,1199, 0.227902
28,1200, 0.228951
28,1201, 0.235191
28,1202, 0.235996
28,1203, 0.236131
28,1204, 0.227039
28,1205, 0.225912
28,1206, 0.226952
28,1207, 0.049977
28,1208, 0.050182
28,1209, 0.057865
28,1210, 0.050220
28,1211, 0.262606
28,1212, 0.259009
28,1213, 0.233282
28,1214, 0.223444
28,1215, 0.237425
28,1216, 0.227247
28,1217, 0.228947
28,1218, 0.051179
28,1219, 0.050889
28,1220, 0.266883
28,1221, 0.229699
28,1222, 0.263835
28,1223, 0.224662
28,1224, 0.241400
28,1225, 0.239064
28,1226, 0.224444
28,1227, 0.052115
28,1228, 0.051442
28,1229, 0.058200
28,1230, 0.051896
28,1231, 0.052607
28,1232, 0.051892
28,1233, 0.052473
28,1234, 0.052312
28,1235, 0.052479
28,1236, 0.052608
28,1237, 0.221437
28,1238, 0.226396
28,1239, 0.052634
28,1240, 0.236844
28,1241, 0.225383
28,1242, 0.227378
28,1243, 0.224084
28,1244, 0.238926
28,1245, 0.053439
28,1246, 0.053334
28,1247, 0.053459
28,1248, 0.263954
28,1249, 0.230221
28,1250, 0.223040
28,1251, 0.260000
28,1252, 0.230858
28,1253, 0.241827
28,1254, 0.240301
28,1255, 0.219347
28,1256, 0.227836
28,1257, 0.053838
28,1258, 0.239712
28,1259, 0.233401
28,1260, 0.238437
28,1261, 0.233824
28,1262, 0.054834
28,1263, 0.240448
28,1264, 0.054739
28,1265, 0.055025
28,1266, 0.054769
28,1267, 0.055041
28,1268, 0.220862
28,1269, 0.230980
28,1270, 0.228493
28,1271, 0.239784
28,1272, 0.226879
28,1273, 0.220208
28,1274, 0.229165
28,1275, 0.230370
28,1276, 0.228786
28,1277, 0.233119
28,1278, 0.227322
28,1279, 0.234410
28,1280, 0.225332
28,1281, 0.230500
28,1282, 0.222961
28,1283, 0.056995
28,1284, 0.264452
28,1285, 0.242612
28,1286, 0.233497
28,1287, 0.262878
28,1288, 0.056831
28,1289, 0.057198
28,1290, 0.233704
28,1291, 0.057222
28,1292, 0.057433
28,1293, 0.057327
28,1294, 0.057636
28,1295, 0.057476
28,1296, 0.057765
28,1297, 0.229861
28,1298, 0.229605
28,1299, 0.058193
28,1300, 0.228654
28,1301, 0.232932
28,1302, 0.224654
28,1303, 0.236286
28,1304, 0.229991
28,1305, 0.058145
28,1306, 0.259363
28,1307, 0.232495
28,1308, 0.059331
28,1309, 0.223133
28,1310, 0.232714
28,1311, 0.224361
28,1312, 0.244315
28,1313, 0.232574
28,1314, 0.059584
28,1315, 0.236197
28,1316, 0.232537
28,1317, 0.236125
28,1318, 0.059531
28,1319, 0.238671
28,1320, 0.236147
28,1321, 0.235998
28,1322, 0.236131
28,1323, 0.224224
28,1324, 0.242892
28,1325, 0.060210
28,1326, 0.240296
28,1327, 0.236268
28,1328, 0.269013
28,1329, 0.231596
28,1330, 0.226904
28,1331, 0.235254
28,1332, 0.265424
28,1333, 0.234636
28,1334, 0.060726
28,1335, 0.061643
28,1336, 0.060769
28,1337, 0.229346
28,1338, 0.252048
28,1339, 0.224225
28,1340, 0.233120
28,1341, 0.235893
28,1342, 0.232213
28,1343, 0.231965
28,1344, 0.229992
28,1345, 0.238838
28,1346, 0.223394
28,1347, 0.231149
28,1348, 0.269530
28,1349, 0.230723
28,1350, 0.062603
28,1351, 0.062792
28,1352, 0.062785
28,1353, 0.269346
28,1354, 0.229115
28,1355, 0.228873
28,1356, 0.062979
28,1357, 0.233377
28,1358, 0.261733
28,1359, 0.234212
28,1360, 0.243518
28,1361, 0.236908
28,1362, 0.243154
28,1363, 0.222985
28,1364, 0.064458
28,1365, 0.227382
28,1366, 0.230405
28,1367, 0.244266
28,1368, 0.229453
28,1369, 0.222616
28,1370, 0.229447
28,1371, 0.064613
28,1372, 0.227871
28,1373, 0.224641
28,1374, 0.232876
28,1375, 0.245792
28,1376, 0.248087
28,1377, 0.065060
28,1378, 0.233240
28,1379, 0.230612
28,1380, 0.232235
28,1381, 0.065416
28,1382, 0.271002
28,1383, 0.065587
28,1384, 0.065658
28,1385, 0.222053
28,1386, 0.065660
28,1387, 0.066224
28,1388, 0.065652
28,1389, 0.222355
28,1390, 0.230309
28,1391, 0.232255
28,1392, 0.065838
28,1393, 0.067091
28,1394, 0.230194
28,1395, 0.228471
28,1396, 0.066724
28,1397, 0.067230
28,1398, 0.229128
28,1399, 0.067182
28,1400, 0.067511
28,1401, 0.269185
28,1402, 0.225395
28,1403, 0.234116
28,1404, 0.067651
28,1405, 0.067811
28,1406, 0.279301
28,1407, 0.233181
28,1408, 0.224322
28,1409, 0.068268
28,1410, 0.270382
28,1411, 0.233089
28,1412, 0.225561
28,1413, 0.247120
28,1414, 0.234303
28,1415, 0.228399
28,1416, 0.240046
28,1417, 0.231471
28,1418, 0.231215
28,1419, 0.068532
28,1420, 0.232651
28,1421, 0.234419
28,1422, 0.069648
28,1423, 0.069370
28,1424, 0.228678
28,1425, 0.069785
28,1426, 0.069670
28,1427, 0.278618
28,1428, 0.266628
28,1429, 0.070184
28,1430, 0.070094
28,1431, 0.270307
28,1432, 0.223397
28,1433, 0.230397
28,1434, 0.070798
28,1435, 0.277855
28,1436, 0.236406
28,1437, 0.269453
28,1438, 0.070825
28,1439, 0.071091
28,1440, 0.266932
28,1441, 0.233824
28,1442, 0.235444
28,1443, 0.252356
28,1444, 0.070987
28,1445, 0.234453
28,1446, 0.071315
28,1447, 0.280362
28,1448, 0.071571
28,1449, 0.074538
28,1450, 0.077400
28,1451, 0.244056
28,1452, 0.072472
28,1453, 0.281033
28,1454, 0.072764
28,1455, 0.280821
28,1456, 0.072841
28,1457, 0.232642
28,1458, 0.240043
28,1459, 0.073201
28,1460, 0.283700
28,1461, 0.233886
28,1462, 0.239001
28,1463, 0.233416
28,1464, 0.239215
28,1465, 0.073009
28,1466, 0.240844
28,1467, 0.073096
28,1468, 0.238369
28,1469, 0.229939
28,1470, 0.231503
28,1471, 0.238976
28,1472, 0.240278
28,1473, 0.230319
28,1474, 0.231522
28,1475, 0.073622
28,1476, 0.272142
28,1477, 0.238842
28,1478, 0.074602
28,1479, 0.281640
28,1480, 0.226123
28,1481, 0.230807
28,1482, 0.236603
28,1483, 0.252650
28,1484, 0.231605
28,1485, 0.075047
28,1486, 0.080445
28,1487, 0.269375
28,1488, 0.075641
28,1489, 0.233821
28,1490, 0.239363
28,1491, 0.232085
28,1492, 0.233953
28,1493, 0.244400
28,1494, 0.075741
28,1495, 0.273836
28,1496, 0.236360
28,1497, 0.076713
28,1498, 0.277323
28,1499, 0.238169
28,1500, 0.231424
