1 528 1
1 1056 1
1 1584 1
1 2112 1
1 2640 1
1 3168 1
1 3696 1
1 4224 1
1 4752 1
1 5280 1

4 528 0.99223
4 1056 1.36119
4 1584 1.60784
4 2112 0.999958
4 2640 0.959301
4 3168 0.955287
4 3696 0.956409
4 4224 0.958902
4 4752 0.957535
4 5280 0.960462

9 528 0.537108
9 1056 0.816331
9 1584 1.00341
9 2112 1.05272
9 2640 0.885858
9 3168 0.82913
9 3696 0.841022
9 4224 0.839221
9 4752 0.841709
9 5280 0.852601

16 528 0.310422
16 1056 0.586923
16 1584 0.736647
16 2112 0.790515
16 2640 0.838687
16 3168 0.776201
16 3696 0.768889
16 4224 0.786346
16 4752 0.791051
16 5280 0.798985
