1 528 0.363819
1 1056 2.419015
1 1584 9.246000
1 2112 21.828651
1 2640 42.352798
1 3168 73.079590
1 3696 116.246246
1 4224 174.286479
1 4752 246.582804
1 5280 338.793172

4 528 0.091667
4 1056 0.444284
4 1584 1.437642
4 2112 5.457392
4 2640 11.037407
4 3168 19.125033
4 3696 30.386124
4 4224 45.439087
4 4752 64.379603
4 5280 88.184916

9 528 0.075263
9 1056 0.329253
9 1584 1.023845
9 2112 2.303944
9 2640 5.312212
9 3168 9.793346
9 3696 15.357806
9 4224 23.075180
9 4752 32.550537
9 5280 44.151611

16 528 0.073251
16 1056 0.257595
16 1584 0.784467
16 2112 1.725825
16 2640 3.156185
16 3168 5.884398
16 3696 9.449207
16 4224 13.852559
16 4752 19.482206
16 5280 26.501841
