1 528 1
1 1056 1
1 1584 1
1 2112 1
1 2640 1
1 3168 1
1 3696 1
1 4224 1
1 4752 1
1 5280 1

4 528 3.96892
4 1056 5.44475
4 1584 6.43136
4 2112 3.99983
4 2640 3.83721
4 3168 3.82115
4 3696 3.82564
4 4224 3.83561
4 4752 3.83014
4 5280 3.84185

9 528 4.83397
9 1056 7.34698
9 1584 9.03066
9 2112 9.47447
9 2640 7.97272
9 3168 7.46217
9 3696 7.5692
9 4224 7.55298
9 4752 7.57538
9 5280 7.6734

16 528 4.96674
16 1056 9.39077
16 1584 11.7863
16 2112 12.6482
16 2640 13.419
16 3168 12.4192
16 3696 12.3022
16 4224 12.5815
16 4752 12.6568
16 5280 12.7838
16 5280 0.0137281
